tiles {
2,2,2,2,2,2,2,2,2,2,2,2,2,2,2,2,2,2,2,2,2,2,2,2,2,2,2,2,2,2,2,2,2,2,2,2,2,2,2,2,2,2,2,2,2,2,2
2,2,2,2,2,2,2,2,2,2,2,2,2,2,2,2,2,2,2,2,2,2,2,2,2,2,2,2,2,2,2,2,2,2,2,2,2,2,2,2,2,2,2,2,2,2,2
2,2,2,2,2,2,2,2,2,2,2,2,2,2,2,2,2,2,2,2,2,2,2,2,2,2,2,2,2,2,2,2,2,2,2,2,2,2,2,2,2,2,2,2,2,2,2
2,2,2,2,2,2,2,2,2,2,2,2,2,2,2,2,2,2,2,2,2,2,2,2,2,2,2,2,2,2,2,2,2,2,2,2,2,2,2,2,2,2,2,2,2,2,2
2,2,2,2,2,2,2,2,2,2,2,2,2,2,2,2,2,2,2,9,9,2,2,2,2,2,10,12,2,2,2,2,2,2,2,2,2,2,2,2,2,2,2,2,2,2,2
2,2,2,2,2,2,2,2,2,2,2,2,2,2,2,2,2,2,2,27,28,2,2,2,2,2,11,0,2,2,2,2,2,2,2,2,2,2,2,2,2,2,2,2,2,2,2
2,2,2,2,2,2,2,2,2,2,2,2,2,2,2,2,2,2,2,11,49,6,2,2,2,21,11,0,6,2,2,2,2,2,2,2,2,2,2,2,2,2,2,2,2,2,2
2,2,2,2,2,2,2,2,2,2,2,2,2,2,2,2,2,2,2,11,0,0,6,2,21,26,18,0,0,14,12,12,12,12,12,12,9,9,2,2,2,2,2,2,2,2,2
2,2,2,2,2,2,2,2,2,9,9,9,9,2,2,2,2,52,12,13,0,0,0,14,12,18,0,0,0,0,0,0,0,0,0,0,34,9,2,2,2,2,2,2,2,2,2
2,2,2,2,2,2,2,2,2,9,32,28,9,2,2,2,2,11,0,0,0,0,0,0,0,0,0,2,2,2,2,2,2,3,0,0,0,34,2,2,2,2,2,2,2,2,2
2,2,2,2,2,2,2,2,2,27,33,0,34,2,2,2,2,11,0,2,2,2,2,2,3,0,0,6,2,2,2,2,2,2,3,0,0,0,2,2,2,2,2,2,2,2,2
2,2,2,2,2,2,2,2,2,11,0,0,0,2,2,2,2,11,0,2,2,2,2,2,2,3,0,0,47,23,2,2,2,2,2,3,0,0,2,2,2,2,2,2,2,2,2
2,2,2,2,2,2,2,2,2,11,0,0,0,14,12,12,12,13,0,2,2,2,2,2,2,2,3,0,0,7,2,2,2,2,2,2,15,0,2,2,2,2,2,2,2,2,2
2,2,54,55,56,57,58,59,2,11,0,0,0,0,0,0,0,0,0,16,9,9,23,2,2,2,2,3,0,34,2,2,2,2,2,2,11,0,16,9,2,2,2,2,2,2,2
2,2,2,2,2,2,2,2,21,11,0,0,0,0,0,0,0,0,0,0,34,28,28,37,2,2,2,2,15,0,2,2,2,2,2,2,11,0,0,53,2,2,2,2,2,2,2
2,2,2,2,2,9,9,29,12,18,4,2,2,2,2,2,2,2,2,3,0,0,0,0,6,2,2,2,11,0,2,2,2,2,2,2,11,0,2,2,2,2,2,2,2,2,2
2,2,2,2,2,27,28,33,0,4,2,2,2,2,2,2,2,2,2,2,3,0,0,0,0,2,2,2,11,0,6,2,2,2,2,2,11,0,2,2,2,2,2,2,2,2,2
2,2,2,2,2,24,0,0,0,2,2,2,2,2,2,2,2,2,2,2,2,15,0,0,0,2,2,2,11,0,0,14,12,12,12,12,13,0,2,2,2,2,2,2,2,2,2
2,2,2,2,2,2,3,0,0,6,2,2,2,2,2,2,2,2,2,2,2,2,3,0,0,14,12,12,13,0,0,0,0,0,0,0,0,0,2,2,2,2,2,2,2,2,2
2,2,2,2,2,2,2,3,0,0,6,2,2,2,2,2,2,2,2,2,2,2,2,3,0,0,0,0,0,4,2,2,2,2,2,15,0,0,2,2,2,2,2,2,2,2,2
2,2,2,2,2,2,2,2,15,0,0,7,9,48,12,12,22,2,2,2,2,2,2,2,2,15,1,1,35,2,2,2,2,2,2,11,0,0,6,2,2,2,2,2,2,2,2
2,2,2,2,2,2,2,21,11,0,0,34,28,33,0,0,0,2,2,2,2,2,2,2,2,2,2,2,2,2,2,2,2,2,39,18,0,0,0,7,9,2,2,2,2,2,2
2,2,2,2,2,2,21,26,18,0,2,2,2,2,3,0,0,2,2,2,2,2,2,2,2,2,2,2,2,2,2,2,2,2,9,35,0,0,0,34,28,37,2,2,2,2,2
2,2,2,2,2,21,26,18,0,0,2,2,2,2,2,15,0,2,2,2,2,2,2,2,2,2,2,2,2,2,2,2,2,2,27,33,0,0,0,0,0,46,2,2,2,2,2
2,2,2,2,2,20,18,0,0,0,2,2,2,2,21,11,0,2,2,2,2,2,2,2,2,2,2,2,2,2,2,2,2,2,24,0,0,2,2,2,15,0,2,2,2,2,2
2,2,2,2,2,9,35,0,0,0,14,12,12,12,12,18,0,2,2,2,2,2,2,2,2,50,9,9,20,2,2,2,2,2,2,15,0,2,2,2,11,0,2,2,2,2,2
2,2,2,2,2,9,36,0,0,0,0,0,0,0,1,1,38,2,2,2,2,2,2,2,21,27,28,28,28,37,2,2,2,2,2,11,0,2,2,2,11,0,2,2,2,2,2
2,2,2,2,2,2,2,15,0,0,4,2,2,2,2,2,2,2,2,2,2,2,2,21,26,18,0,0,0,0,14,12,12,12,12,13,0,2,2,2,11,0,2,2,2,2,2
2,2,2,2,2,2,2,11,0,4,2,2,2,2,2,2,2,2,2,2,2,2,21,26,18,0,0,0,0,0,0,0,0,0,0,0,0,2,2,2,11,0,2,2,2,2,2
2,2,2,2,2,2,2,11,0,2,2,2,2,2,2,2,2,2,2,2,2,21,26,18,0,4,2,2,2,2,2,2,2,2,3,0,0,2,2,2,11,0,2,2,2,2,2
2,2,2,2,2,2,2,11,0,6,2,2,2,2,2,2,2,2,2,2,21,26,18,0,4,2,2,2,2,2,2,2,2,2,2,15,0,14,12,12,13,0,2,2,2,2,2
2,2,2,2,2,2,2,11,0,0,6,2,2,2,2,2,2,2,2,21,26,18,0,4,2,2,2,2,2,2,2,2,2,2,2,11,0,0,0,0,0,4,2,2,2,2,2
2,2,2,2,2,2,2,11,0,0,0,14,12,12,12,12,12,12,12,12,18,0,4,2,2,2,2,2,2,45,12,2,2,9,29,13,0,0,2,2,2,2,2,2,2,2,2
2,2,2,2,2,2,21,11,0,0,0,0,0,0,0,0,0,0,0,0,0,4,2,2,2,2,2,2,2,11,0,2,2,9,36,0,0,0,2,54,55,56,57,58,59,2,2
2,2,2,2,2,21,26,18,0,1,2,2,2,2,2,2,2,2,15,0,4,2,2,2,2,2,2,2,2,11,0,2,2,2,2,2,15,0,2,2,2,2,2,2,2,2,2
2,2,2,2,2,9,30,0,0,34,37,2,2,2,2,2,2,2,11,0,2,2,2,2,2,2,2,2,2,11,0,2,2,2,2,2,11,0,2,2,2,2,2,2,2,2,2
2,2,2,2,2,2,2,2,3,0,0,6,2,2,2,2,2,2,11,0,2,2,2,2,2,2,2,2,2,11,0,14,12,12,12,12,13,0,14,12,22,2,2,2,2,2,2
2,2,2,2,2,2,2,2,2,3,0,0,6,2,2,2,2,2,11,0,2,2,2,2,2,2,2,2,2,11,0,0,0,0,0,0,0,0,0,0,0,2,2,2,2,2,2
2,2,2,2,2,2,2,2,2,2,15,0,0,2,2,2,2,2,11,0,2,2,2,2,2,2,2,2,2,9,8,35,2,3,0,0,0,0,0,0,4,2,2,2,2,2,2
2,2,2,2,2,9,48,12,12,12,13,0,0,14,12,9,9,9,30,0,2,2,2,2,2,2,2,2,2,9,9,36,2,2,15,0,4,2,2,2,2,2,2,2,2,2,2
2,2,2,2,2,9,9,35,0,0,0,0,0,0,0,34,28,28,33,0,2,2,2,2,2,2,2,2,2,2,2,2,2,2,51,1,2,2,2,2,2,2,2,2,2,2,2
2,2,2,2,2,2,2,2,2,2,2,2,2,2,2,2,2,3,0,1,2,2,2,2,2,2,2,2,2,2,2,2,2,2,2,2,2,2,2,2,2,2,2,2,2,2,2
2,2,2,2,2,2,2,2,2,2,2,2,2,2,2,2,2,2,8,1,2,2,2,2,2,2,2,2,2,2,2,2,2,2,2,2,2,2,2,2,2,2,2,2,2,2,2
2,2,2,2,2,2,2,2,2,2,2,2,2,2,2,2,2,2,2,2,2,2,2,2,2,2,2,2,2,2,2,2,2,2,2,2,2,2,2,2,2,2,2,2,2,2,2
2,2,2,2,2,2,2,2,2,2,2,2,2,2,2,2,2,2,2,2,2,2,2,2,2,2,2,2,2,2,2,2,2,2,2,2,2,2,2,2,2,2,2,2,2,2,2
2,2,2,2,2,2,2,2,2,2,2,2,2,2,2,2,2,2,2,2,2,2,2,2,2,2,2,2,2,2,2,2,2,2,2,2,2,2,2,2,2,2,2,2,2,2,2
2,2,2,2,2,2,2,2,2,2,2,2,2,2,2,2,2,2,2,2,2,2,2,2,2,2,2,2,2,2,2,2,2,2,2,2,2,2,2,2,2,2,2,2,2,2,2
2,2,2,2,2,2,2,2,2,2,2,2,2,2,2,2,2,2,2,2,2,2,2,2,2,2,2,2,2,2,2,2,2,2,2,2,2,2,2,2,2,2,2,2,2,2,2
}

collision {
(288,448),(256,480),(224,480),(224,512),(160,512),(160,544),(256,640),(256,672),(160,768),(160,800),(192,800),(192,864),(224,864),(224,1056),(160,1120),(192,1120),(192,1152),(256,1152),(320,1216),(320,1248),(192,1248),(192,1280),(224,1280),(224,1312),(544,1312),(576,1344),(608,1344),(608,1312),(640,1312),(640,1120),(832,928),(1088,928),(1120,960),(1120,1024),(1088,1024),(1088,1088),(1152,1088),(1152,1152),(992,1152),(992,1024),(928,1024),(928,1216),(992,1216),(992,1280),(1024,1280),(1024,1216),(1056,1216),(1088,1248),(1088,1312),(1120,1312),(1120,1280),(1152,1280),(1184,1248),(1280,1248),(1312,1216),(1312,1184),(1280,1152),(1216,1152),(1216,1024),(1312,1024),(1344,992),(1344,736),(1312,704),(1248,704),(1248,672),(1216,640),(1216,480),(1280,480),(1280,448),(1248,448),(1248,416),(1216,416),(1216,288),(1184,288),(1184,256),(1152,256),(1152,224),(928,224),(896,192),(896,128),(832,128),(832,192),(768,256),(736,256),(672,192),(672,160),(608,160),(608,256),(544,256),(544,384),(416,384),(416,320),(384,320),(384,288),(320,288),(320,320),(288,320),(288,448)
(288,576),(352,640),(352,672),(416,672),(416,640),(512,640),(544,672),(544,832),(512,864),(512,832),(448,832),(448,864),(352,864),(288,928),(288,960),(352,1024),(608,1024),(800,832),(800,800),(832,800),(832,800),(832,832),(896,832),(896,800),(928,800),(928,832),(960,864),(1120,864),(1120,800),(1088,768),(1088,736),(1120,736),(1120,704),(1088,704),(1120,672),(1120,608),(960,608),(928,640),(928,672),(896,672),(896,640),(832,640),(832,672),(800,672),(800,640),(768,640),(704,576),(672,576),(672,544),(608,480),(352,480),(288,544),(288,576)
(320,800),(448,800),(480,768),(480,736),(448,704),(320,704),(320,800)
(288,1120),(320,1120),(416,1216),(416,1248),(480,1248),(480,1280),(576,1280),(576,1088),(288,1088),(288,1120)
(1184,960),(1280,960),(1280,768),(1184,768),(1184,960)
(864,288),(864,320),(896,352),(928,352),(960,384),(928,384),(928,416),(960,416),(960,512),(992,544),(1152,544),(1152,384),(1056,288),(864,288)
(704,416),(704,448),(640,448),(640,416),(608,416),(608,320),(768,320),(896,448),(896,576),(800,576),(800,512),(704,416)
}

buyzones {
(0,288,288,416,464)
(1,1072,1152,1296,1248)
}

spawns {
(0,312,352);(0,352,312);(0,352,352);(0,392,352);(0,312,392);(0,352,392);(0,312,432);(0,392,392);(0,392,432);(0,352,432);(1,1224,1224);(1,1224,1176);(1,1264,1176);(1,1264,1224);(1,1184,1176);(1,1184,1224);(1,1144,1224);(1,1144,1176);(1,1104,1176);(1,1104,1224)
}

waypoints {
(1184,1184);(1184,992);(1152,896);(1152,800);(1024,896);(1280,992);(1312,960);(1312,736);(1216,736);(1152,672);(1184,576);(1056,576);(1184,320);(1088,256);(960,256);(832,256);(832,320);(912,416);(928,576);(864,624);(768,576);(704,512);(608,448);(736,288);(576,288);(544,448);(448,416);(352,416);(288,480);(256,544);(288,640);(256,736);(480,816);(512,752);(480,688);(368,688);(288,832);(256,928);(256,1056);(608,1056);(704,992);(800,896);(896,896);(608,1280);(576,1312);(528,1296);(464,1296);(384,1280);(352,1216);(288,1152);(352,1056);(480,1056);(608,1184);(1184,1088);(1184,448);(384,816)
}

guns {
}
