tiles {
41,41,41,41,41,41,41,10,3,3,3,3,3,3,3,3,3,3,3,3,3,3,10,41,41,41,41,41,41,41
41,41,41,41,41,41,41,10,3,3,3,3,3,3,3,3,3,3,3,3,3,3,10,41,41,41,41,41,41,41
41,41,41,41,41,41,41,10,60,60,9,9,9,9,9,9,9,9,9,9,60,60,10,41,41,41,41,41,41,41
41,41,41,41,41,41,41,10,9,9,9,9,9,9,26,9,9,9,9,9,9,9,10,41,41,41,41,41,41,41
41,41,41,41,41,41,41,10,9,9,9,9,9,9,25,9,9,9,9,9,9,9,10,41,41,41,41,41,41,41
41,41,41,41,41,41,41,10,10,10,10,10,9,9,24,9,9,9,10,10,10,10,10,10,10,10,10,10,10,41
41,41,41,41,41,41,41,41,41,41,41,10,9,9,9,9,9,9,10,51,51,51,51,51,51,51,51,51,10,41
41,41,41,41,41,41,41,41,41,41,41,10,9,9,9,9,9,9,10,51,51,51,51,51,51,51,51,51,10,41
41,41,41,41,41,41,32,33,34,35,41,10,9,9,9,9,9,9,10,51,51,51,51,51,51,51,51,51,10,41
41,41,41,41,41,41,41,41,41,41,41,10,9,9,9,9,9,9,10,51,51,51,51,51,51,51,51,51,10,41
10,10,10,10,10,10,10,10,10,10,10,10,60,60,36,37,38,9,10,10,10,10,10,10,10,10,60,60,10,10
2,9,9,9,9,9,9,9,9,9,50,3,3,3,3,3,3,3,3,9,9,9,9,9,9,9,9,9,9,2
2,9,9,9,9,9,9,9,9,9,62,3,3,3,3,3,3,3,3,9,9,9,9,9,9,9,9,9,9,2
2,9,9,9,9,9,9,9,9,9,62,3,3,3,3,3,3,3,3,9,9,9,9,9,9,9,9,9,9,2
2,9,9,9,9,9,9,9,9,9,9,3,3,3,3,3,3,3,3,9,9,9,9,9,9,9,9,9,9,2
2,9,9,9,9,9,9,9,9,9,9,3,3,3,3,3,3,3,3,9,9,9,9,9,9,9,9,9,9,2
2,9,9,9,9,9,9,9,9,9,9,3,3,3,3,3,3,3,3,62,9,9,9,9,9,9,9,9,9,2
2,9,9,9,9,9,9,9,9,9,9,3,3,3,3,3,3,3,3,62,9,9,9,9,9,9,9,9,9,2
2,9,9,9,9,9,9,9,9,9,9,3,3,3,3,3,3,3,3,49,9,9,9,9,9,9,9,9,9,2
10,10,60,60,10,10,10,10,10,10,10,10,6,7,8,9,60,60,10,10,10,10,10,10,10,10,10,10,10,10
41,10,51,51,51,51,51,51,51,51,51,10,9,9,9,9,9,9,10,41,41,41,41,41,41,41,41,41,41,41
41,10,51,51,51,51,51,51,51,51,51,10,9,9,9,9,9,9,10,41,41,41,41,41,41,41,41,41,41,41
41,10,51,51,51,51,51,51,51,51,51,10,9,9,9,9,9,9,10,41,41,41,41,41,41,41,41,41,41,41
41,10,51,51,51,51,51,51,51,51,51,10,9,9,9,9,9,9,10,41,41,41,41,41,41,41,41,41,41,41
41,10,10,10,10,10,10,10,10,10,10,10,9,9,9,9,9,9,10,10,10,10,10,41,41,41,41,41,41,41
41,41,41,41,41,41,41,10,9,9,9,9,9,9,9,9,9,9,9,9,9,9,10,41,41,41,41,41,41,41
41,41,41,41,41,41,41,10,9,9,9,9,9,9,9,9,9,6,7,8,9,9,10,41,41,41,41,41,41,41
41,41,41,41,41,41,41,10,60,60,9,9,9,9,9,9,9,9,9,9,60,60,10,41,41,41,41,41,41,41
41,41,41,41,41,41,41,10,3,3,3,3,3,3,3,3,3,3,3,3,3,3,10,41,41,41,41,41,41,41
41,41,41,41,41,41,41,10,3,3,3,3,3,3,3,3,3,3,3,3,3,3,10,41,41,41,41,41,41,41
}

collision {
(0,0),(0,960),(960,960),(960,0),(0,0)
(448,96),(448,192),(480,192),(480,96),(448,96)
(928,608),(928,352),(928,608)
(960,608),(928,608),(576,608),(576,800),(704,800),(704,960),(256,960),(256,800),(384,800),(384,608),(128,608),(128,640),(352,640),(352,768),(64,768),(64,608),(32,608),(32,352),(384,352),(384,160),(256,160),(256,0),(704,0),(704,160),(576,160),(576,352),(832,352),(832,320),(608,320),(608,192),(896,192),(896,352),(960,352),(960,640),(608,640),(608,768),(736,768),(736,960),(224,960),(224,800),(32,800),(32,640),(0,640),(0,320),(352,320),(352,192),(224,192),(224,0),(736,0),(736,160),(928,160),(928,320),(960,320),(960,352),(960,608)
(640,832),(640,864),(544,864),(544,832),(640,832)
}

collisionPeople {
(608,512),(608,352),(608,512)
(352,608),(352,448),(352,608)
(480,640),(480,608),(480,640)
(480,640),(384,640),(480,640)
(384,608),(384,640),(384,608)
(512,608),(480,608),(512,608)
(640,576),(608,576),(640,576)
(640,576),(640,608),(640,576)
(640,608),(608,608),(640,608)
(512,640),(512,608),(512,640)
(640,512),(608,512),(640,512)
(352,448),(320,448),(352,448)
(320,384),(320,352),(320,384)
(320,384),(352,384),(320,384)
(352,352),(320,352),(352,352)
(448,320),(448,352),(448,320)
(544,320),(448,320),(544,320)
(544,320),(544,352),(544,320)
(576,352),(544,352),(576,352)
(640,864),(640,896),(640,864)
(320,896),(320,864),(320,896)
(640,896),(320,896),(640,896)
(320,64),(320,96),(320,64)
(640,64),(320,64),(640,64)
(640,64),(640,96),(640,64)
}

buyzones {
(0,352,352,608,608)
(1,608,192,896,320)
(1,256,0,416,64)
(1,544,0,704,64)
(1,256,896,416,960)
(1,544,896,704,944)
(1,64,640,352,768)
}

spawns {
(0,416,432);(0,416,464);(0,416,496);(0,416,528);(0,544,400);(0,544,432);(0,544,464);(0,544,496);(0,416,400);(0,480,400);(0,480,432);(0,480,464);(0,416,560);(0,480,496);(0,480,528);(0,480,560);(0,544,528);(0,544,560);(1,656,32);(1,624,32);(1,592,32);(1,304,32);(1,336,32);(1,368,32);(1,304,928);(1,336,928);(1,368,928);(1,656,928);(1,624,928);(1,592,928);(1,160,720);(1,208,720);(1,256,720);(1,704,256);(1,752,256);(1,800,256)
}

waypoints {
(288,64);(480,32);(672,64);(624,128);(352,128);(464,80);(432,192);(512,192);(416,320);(480,464);(624,560);(816,560);(832,416);(688,464);(864,304);(752,256);(544,640);(464,752);(384,832);(288,864);(336,944);(512,928);(672,896);(640,816);(560,880);(352,416);(144,416);(96,592);(256,528);(144,704);(544,800)
}

guns {
}
