tiles {
5,0,0,0,0,0,0,0,0,0,0,0,0,0,0,0,0,0,0,0,0,0,0,0,0,0,0,1
0,1,1,1,1,1,1,1,1,1,1,1,1,1,1,1,1,1,1,1,1,1,1,1,1,1,0,1
0,1,1,1,1,1,1,1,1,1,1,1,1,1,1,1,7,8,9,10,11,12,1,1,1,1,0,1
0,1,1,1,1,1,1,1,1,1,1,1,1,1,1,1,1,1,1,1,1,1,1,1,1,1,0,1
0,1,1,1,2,2,1,1,1,1,1,1,1,1,1,1,1,1,1,1,1,1,1,1,1,1,0,1
0,1,1,1,2,1,1,1,1,1,1,1,1,1,1,1,1,1,1,1,1,1,1,1,1,1,0,1
0,1,1,1,1,1,1,1,1,2,2,1,1,1,1,1,1,1,1,1,1,1,1,1,1,1,0,1
0,1,1,1,1,1,1,1,1,2,2,1,1,1,1,1,1,1,1,1,1,1,1,1,1,1,0,1
0,1,1,1,1,1,1,1,1,1,1,1,1,1,1,1,1,1,1,1,1,1,1,1,1,1,0,1
0,1,1,1,1,2,2,2,1,1,1,1,1,1,1,1,1,1,1,1,1,1,1,1,1,1,0,1
0,1,1,1,1,2,1,1,1,1,1,1,1,1,1,1,1,1,1,1,1,1,1,1,1,1,0,1
0,1,1,1,1,1,1,1,1,1,1,1,1,1,1,1,1,1,1,1,1,1,1,1,1,1,0,1
1,6,1,1,1,1,1,1,1,1,1,1,1,1,1,1,1,1,1,1,1,1,1,1,1,1,0,1
1,0,1,1,1,1,1,1,1,1,1,1,1,1,2,2,2,2,1,1,1,1,1,1,1,1,0,1
1,0,1,1,1,1,1,1,1,1,1,1,1,1,1,1,1,1,1,1,1,1,1,1,1,1,0,1
1,0,1,1,2,1,1,1,1,1,1,1,1,1,1,1,1,1,1,1,1,1,1,1,1,1,0,1
1,0,1,1,2,2,1,1,1,1,1,1,1,1,2,2,2,2,1,1,1,1,1,1,1,1,0,6
1,0,6,1,1,1,1,1,1,1,1,1,1,1,1,1,1,1,1,1,1,1,1,1,1,1,1,0
1,4,0,6,1,1,1,1,1,1,1,1,1,1,1,1,1,1,1,1,1,1,1,2,1,1,1,0
1,1,4,0,6,1,1,1,1,1,1,1,1,1,1,1,1,1,1,1,1,2,2,2,1,1,1,0
1,1,1,4,0,6,1,1,1,1,1,1,1,1,2,2,1,1,1,1,1,1,1,1,1,1,1,0
1,1,1,1,4,0,0,0,0,0,0,6,1,1,2,2,1,1,5,0,6,1,1,1,1,1,1,0
1,1,1,1,1,1,1,1,1,1,4,0,0,0,0,0,0,0,0,0,0,6,1,1,1,1,1,0
1,1,1,1,1,1,1,1,1,1,1,1,1,1,1,1,1,1,1,1,4,0,0,0,0,0,0,3
}

collision {
(32,224),(32,256),(32,352),(32,384),(32,384),(32,384),(64,416),(64,544),(192,672),(352,672),(384,704),(448,704),(448,640),(512,640),(512,704),(576,704),(608,672),(640,672),(704,736),(864,736),(864,544),(832,544),(832,512),(832,320),(832,288),(832,288),(832,32),(768,32),(640,32),(576,32),(576,32),(512,32),(256,32),(32,32),(32,224)
(160,192),(160,160),(192,160),(192,128),(128,128),(128,192),(160,192)
(128,544),(128,480),(160,480),(160,512),(192,512),(192,544),(128,544)
(512,448),(512,448),(544,448),(576,448),(576,448),(576,448),(576,416),(544,416),(512,416),(448,416),(448,448),(512,448)
(672,640),(768,640),(768,576),(736,576),(736,608),(672,608),(672,640)
(288,256),(352,256),(352,192),(288,192),(288,256)
(160,288),(160,352),(192,352),(192,320),(224,320),(256,320),(256,320),(256,320),(256,288),(192,288),(160,288)
}

collisionPeople {
(448,544),(448,544),(448,544),(576,544),(576,512),(448,512),(448,544)
}

spawns {
(0,64,64);(0,128,64);(0,192,64);(0,64,128);(1,832,704);(1,832,640);(1,832,576);(1,768,704)
}

waypoints {
(128,224);(80,176);(240,96);(320,256);(256,192);(384,192);(320,144);(448,320);(400,448);(480,592);(608,624);(336,624);(192,624);(208,496);(176,464);(96,528);(96,416);(128,320);(576,352);(672,352);(768,496);(688,672);(784,656);(160,64)
}

guns {
(17,112,144);(18,144,112);(13,96,96);(11,176,176);(24,176,496);(23,368,432);(13,800,672);(11,720,592);(18,784,624);(17,752,656);(26,480,480);(26,512,480);(26,544,480);(26,160,256);(26,224,256);(26,192,256);(26,512,480);(23,416,672);(23,128,352);(25,224,576);(25,160,576);(25,224,576)
}
