30,30
19,13,17,17,17,17,17,14,19,13,17,17,17,17,17,17,17,17,17,17,17,17,17,17,17,17,17,17,17,14
19,12,4,4,4,4,4,11,19,12,4,4,4,4,4,4,4,4,4,4,4,4,5,5,5,5,5,5,5,11
19,12,5,3,3,3,5,11,19,12,4,4,4,4,4,4,4,3,3,3,3,5,5,5,5,5,5,5,5,11
19,12,5,3,3,3,5,11,19,12,4,9,10,10,10,8,4,3,3,3,3,4,9,10,10,10,10,8,5,11
19,12,4,4,4,4,4,11,19,12,4,11,19,19,19,12,4,3,3,3,3,4,11,13,17,17,17,7,5,11
19,16,10,8,5,9,10,15,19,12,4,11,19,19,19,12,4,3,3,3,3,4,11,12,5,5,5,5,5,11
13,17,17,7,5,6,17,17,17,7,4,11,19,13,17,7,4,3,3,3,3,4,11,12,5,5,5,5,5,11
12,5,5,5,5,5,5,5,5,4,4,11,19,12,4,4,4,3,3,3,3,4,11,12,5,5,9,8,5,11
12,5,9,10,8,5,3,5,9,10,10,15,19,12,4,3,3,3,3,3,3,4,11,12,5,5,11,12,5,11
12,5,11,19,12,5,3,5,11,19,19,19,19,12,4,4,4,3,3,3,3,4,11,12,5,5,11,12,5,11
12,5,11,19,12,5,3,5,11,19,19,19,19,16,10,8,4,4,4,4,4,4,11,12,5,5,11,12,5,11
12,5,6,17,7,5,5,5,6,17,17,17,17,17,14,12,5,5,9,10,10,10,15,12,5,5,11,12,5,11
12,5,5,5,5,5,4,4,4,4,4,4,4,5,11,12,5,5,11,13,17,17,17,7,4,4,6,7,4,11
12,5,3,3,3,3,4,9,10,10,10,8,5,5,11,12,5,5,11,12,5,5,5,5,4,4,4,4,4,11
12,5,5,5,5,5,5,11,19,13,17,7,5,5,11,12,5,5,11,12,5,3,3,5,4,4,4,4,4,11
16,10,10,10,8,5,5,11,19,12,5,4,3,5,11,12,5,5,11,12,5,3,3,5,9,10,10,10,10,15
19,19,19,19,12,4,4,11,19,12,5,3,3,5,11,12,5,5,11,12,5,3,3,5,11,19,19,19,19,19
19,19,19,19,12,4,4,11,19,12,5,3,3,5,11,12,5,5,11,12,5,3,3,5,11,19,19,19,19,19
19,19,19,19,12,4,4,11,19,12,5,3,3,5,11,12,5,5,11,12,5,3,3,5,11,19,19,19,19,19
13,17,17,17,7,4,4,11,19,12,5,3,3,5,11,12,5,5,11,12,5,3,3,5,11,19,19,19,19,19
12,4,4,4,4,4,4,11,19,12,5,3,3,5,11,12,5,5,11,12,5,3,3,5,6,17,17,17,17,14
12,4,3,3,3,3,4,6,17,7,5,3,3,5,11,12,5,5,11,12,5,3,3,4,4,4,4,4,4,11
12,4,3,3,3,3,4,5,5,5,5,3,3,5,6,7,5,5,11,12,5,3,3,4,4,4,4,4,4,11
12,4,4,4,4,4,4,5,5,5,5,5,5,5,5,5,5,5,6,7,5,3,3,4,9,10,8,4,4,11
16,10,10,10,10,10,10,10,10,10,10,10,8,5,3,3,3,5,5,5,5,3,3,4,11,19,12,4,4,11
19,19,19,19,19,19,19,19,19,19,19,19,12,5,3,3,3,3,3,3,3,3,3,4,11,19,12,4,4,11
19,19,19,19,19,13,17,17,17,17,17,17,7,5,3,3,3,3,3,4,4,4,4,4,11,19,12,4,4,11
19,19,19,19,19,12,4,4,4,4,4,4,4,4,4,3,3,3,3,4,9,8,4,4,6,17,7,4,4,11
19,19,19,19,19,16,10,10,10,10,10,10,10,8,4,4,4,4,4,4,11,12,4,4,4,4,4,4,4,11
19,19,19,19,19,19,19,19,19,19,19,19,19,16,10,10,10,10,10,10,15,16,10,10,10,10,10,10,10,15
(32,192),(32,0),(256,0),(256,192),(288,192),(288,0),(960,0),(960,512),(800,512),(800,640),(960,640),(960,960),(416,960),(416,928),(160,928),(160,832),(384,832),(384,800),(0,800),(0,608),(128,608),(128,512),(0,512),(0,192),(96,192),(32,192),(-1,-1),(480,192),(416,192),(416,352),(288,352),(288,288),(384,288),(384,128),(480,128),(480,192),(-1,-1),(480,352),(480,704),(480,352),(-1,-1),(416,352),(480,352),(416,352),(-1,-1),(96,288),(96,352),(128,352),(128,288),(96,288),(-1,-1),(256,448),(256,672),(288,672),(288,448),(352,448),(256,448),(-1,-1),(672,960),(672,896),(672,960),(-1,-1),(608,384),(608,736),(608,384),(-1,-1),(736,384),(608,384),(736,384),(-1,-1),(736,128),(736,384),(736,128),(-1,-1),(736,128),(864,128),(736,128),(-1,-1),(864,384),(864,256),(864,384),(-1,-1),(800,864),(832,864),(832,768),(800,768),(800,864),(-1,-1),(256,192),(192,192),(256,192)
(96,64),(160,64),(160,128),(96,128),(64,672),(64,736)
(896,448),(832,448),(896,768),(896,832),(896,896),(896,704)
(192,32),(192,96),(128,96),(160,224),(32,256),(64,448),(192,448),(192,384),(416,416),(224,256),(320,224),(352,64),(608,64),(576,288),(640,288),(864,64),(896,64),(896,416),(896,192),(800,192),(800,416),(704,448),(544,192),(672,192),(640,128),(576,128),(480,256),(480,288),(544,352),(544,704),(544,768),(448,768),(416,672),(352,736),(128,736),(128,672),(192,672),(192,736),(192,544),(352,544),(448,864),(576,896),(608,864),(704,832),(672,608),(736,608),(736,704),(864,704),(896,736),(896,864),(864,896),(736,896)
0:(192,32),0:(192,96),0:(128,672),0:(128,736),2:(512,256),2:(512,288),2:(96,672),2:(96,736),3:(896,352),3:(832,352),3:(768,864),3:(768,832),3:(768,800),4:(480,896),4:(544,896),4:(800,64),4:(448,64),8:(128,416),8:(352,512),8:(672,320)
