28,21
2,2,2,2,2,2,2,2,2,2,2,2,2,2,2,2,2,2,2,2,2,2,2,2,2,2,2,2
2,5,5,5,2,5,5,9,9,9,9,9,9,9,9,9,9,9,9,9,9,5,5,2,5,5,5,2
2,5,5,5,2,5,5,9,9,9,9,9,9,9,9,9,9,9,9,9,9,5,5,2,5,5,5,2
2,5,5,5,5,5,5,9,9,2,11,11,11,11,11,11,11,11,2,9,9,5,5,5,5,5,5,2
2,2,2,2,2,2,2,2,2,2,11,11,11,11,11,11,11,11,2,2,2,2,2,2,2,2,2,2
3,3,3,3,3,3,3,3,3,3,11,11,11,11,11,11,11,11,3,3,3,3,3,3,3,3,3,3
3,8,8,8,8,8,8,8,8,8,8,8,8,8,8,8,8,8,8,8,8,8,8,8,8,8,8,3
3,2,8,3,3,3,3,3,8,8,2,2,2,8,8,8,8,8,8,8,3,3,3,3,3,8,2,3
3,8,8,3,8,8,12,12,8,8,8,8,8,8,8,2,2,8,8,8,10,10,8,8,3,8,8,3
3,8,2,3,8,8,12,12,8,8,8,8,2,2,8,8,8,8,8,8,10,10,8,8,3,2,8,3
3,8,8,3,13,13,3,3,8,8,8,8,8,2,8,2,8,8,8,8,3,3,13,13,3,8,8,3
3,3,3,3,13,13,3,3,3,8,8,8,8,8,2,2,8,8,8,3,3,3,13,13,3,3,3,3
3,3,8,8,8,8,8,8,3,8,2,2,8,8,8,8,8,8,8,3,8,8,8,8,8,8,3,3
3,3,8,8,8,8,8,8,3,8,8,8,8,8,2,2,2,8,8,3,8,8,8,8,8,8,3,3
3,3,8,8,8,8,8,8,3,8,8,8,8,8,8,8,8,8,8,3,8,8,8,8,8,8,3,3
3,3,3,3,3,3,3,3,3,3,13,13,13,13,13,13,13,13,3,3,3,3,3,3,3,3,3,3
2,2,2,2,2,2,2,2,2,2,13,13,13,13,13,13,13,13,2,2,2,2,2,2,2,2,2,2
2,5,5,5,2,5,5,9,9,2,13,13,13,13,13,13,13,13,2,9,9,5,5,2,5,5,5,2
2,5,5,5,2,5,5,9,9,9,9,9,9,9,9,9,9,9,9,9,9,5,5,2,5,5,5,2
2,5,5,5,5,5,5,9,9,9,9,9,9,9,9,9,9,9,9,9,9,5,5,5,5,5,5,2
2,2,2,2,2,2,2,2,2,2,2,2,2,2,2,2,2,2,2,2,2,2,2,2,2,2,2,2
(320,96),(320,192),(32,192),(32,224),(64,224),(64,256),(32,256),(32,352),(96,352),(96,320),(64,320),(64,288),(96,288),(96,224),(256,224),(256,256),(128,256),(128,384),(64,384),(64,480),(256,480),(256,384),(192,384),(192,320),(256,320),(256,352),(288,352),(288,480),(320,480),(320,576),(288,576),(288,544),(160,544),(160,608),(128,608),(128,544),(32,544),(32,640),(864,640),(864,544),(768,544),(768,608),(736,608),(736,544),(608,544),(608,576),(576,576),(576,480),(608,480),(608,352),(640,352),(640,320),(704,320),(704,384),(640,384),(640,480),(832,480),(832,384),(768,384),(768,256),(640,256),(640,224),(800,224),(800,288),(832,288),(832,320),(800,320),(800,352),(864,352),(864,256),(832,256),(832,224),(864,224),(864,192),(576,192),(576,96),(608,96),(608,128),(864,128),(864,32),(768,32),(768,96),(736,96),(736,32),(160,32),(160,96),(128,96),(128,32),(32,32),(32,128),(288,128),(288,96),(320,96),(-1,-1),(896,0),(896,672),(0,672),(0,0),(896,0),(-1,-1),(384,384),(384,416),(320,416),(320,384),(384,384),(-1,-1),(544,416),(544,448),(448,448),(448,416),(544,416),(-1,-1),(448,384),(448,352),(416,352),(416,320),(384,320),(384,288),(448,288),(448,352),(480,352),(480,320),(512,320),(512,384),(448,384),(-1,-1),(480,288),(480,256),(544,256),(544,288),(480,288),(-1,-1),(320,256),(320,224),(416,224),(416,256),(320,256)
(816,64),(688,64),(208,64),(80,64)
(224,576),(64,576),(672,576),(816,576)
(784,112),(736,288),(544,48),(96,112),(240,112),(288,48),(448,80),(448,176),(176,624),(288,608),(464,624),(608,624),(720,624),(464,544),(384,512),(368,448),(560,464),(576,400),(480,400),(368,352),(304,336),(544,320),(624,288),(736,288),(720,448),(192,288),(160,416),(80,256),(192,208),(816,256),(656,208),(528,208),(336,208),(784,432),(96,448),(528,528),(288,272),(464,304)
0:(816,64),0:(688,64),0:(208,64),0:(80,64),1:(816,576),1:(672,576),1:(224,576),1:(64,576),4:(160,432),4:(752,432),5:(848,336),5:(848,336),5:(848,336),5:(48,336),6:(480,608),6:(368,608),7:(528,80),7:(384,80)
