tiles {
3,3,3,15,15,15,15,15,15,15,15,15,15,15,15,15,15,3,3,3
3,3,3,23,15,15,15,15,15,15,15,15,15,15,15,15,22,3,3,3
3,3,3,15,15,15,15,15,15,15,15,15,15,15,15,15,15,3,3,3
15,20,15,15,15,15,15,15,15,15,15,15,15,15,15,15,15,15,20,15
15,15,15,15,15,15,60,60,60,60,60,60,60,60,60,15,15,15,15,15
15,15,15,15,15,62,3,3,3,3,3,3,3,3,3,62,15,15,15,15
15,15,15,15,15,62,3,3,3,3,3,3,3,3,3,62,15,15,15,15
15,15,15,15,15,62,3,3,3,3,3,3,3,3,3,62,15,15,15,15
15,15,15,15,15,62,3,3,3,3,3,3,3,3,3,62,15,15,15,15
15,15,15,15,15,62,3,3,3,3,3,3,3,3,3,62,15,15,15,15
15,15,15,15,15,62,3,3,3,3,3,3,3,3,3,62,15,15,15,15
15,15,15,15,15,62,3,3,3,3,3,3,3,3,3,62,15,15,15,15
15,15,15,15,15,62,3,3,3,3,3,3,3,3,3,62,15,15,15,15
15,15,15,15,15,62,3,3,3,3,3,3,3,3,3,62,15,15,15,15
15,15,15,15,15,62,3,3,3,3,3,3,3,3,3,62,15,15,15,15
15,15,15,15,15,15,60,60,60,60,60,60,60,60,60,15,15,15,15,15
15,21,15,15,15,15,15,15,15,15,15,15,15,15,15,15,15,15,21,15
3,3,3,15,15,15,15,15,15,15,15,15,15,15,15,15,15,3,3,3
3,3,3,23,15,15,15,15,15,15,15,15,15,15,15,15,22,3,3,3
3,3,3,15,15,15,15,15,15,15,15,15,15,15,15,15,15,3,3,3
41,41,41,41,41,41,41,41,32,33,34,35,41,41,41,41,41,41,41,41
}

collision {
(96,544),(64,544),(96,544)
(96,544),(96,576),(96,544)
(96,640),(96,608),(96,640)
(32,544),(0,544),(32,544)
(96,32),(96,0),(96,32)
(96,96),(96,64),(96,96)
(96,96),(64,96),(96,96)
(0,96),(32,96),(0,96)
(0,640),(640,640),(640,0),(0,0),(0,640)
(544,576),(544,544),(544,544),(544,576)
(544,544),(576,544),(544,544)
(640,544),(608,544),(640,544)
(544,640),(544,608),(544,640)
(544,32),(544,0),(544,32)
(544,96),(544,64),(544,96)
(576,96),(544,96),(576,96)
(640,96),(608,96),(640,96)
}

collisionPeople {
(160,160),(192,160),(160,160)
(192,128),(192,160),(192,128)
(480,128),(480,160),(480,128)
(512,160),(480,160),(512,160)
(480,512),(480,480),(480,512)
(512,480),(480,480),(512,480)
(192,512),(192,480),(192,512)
(192,480),(160,480),(192,480)
(544,32),(512,32),(544,32)
(544,64),(512,64),(544,64)
(576,128),(576,96),(576,128)
(608,96),(608,128),(608,96)
(576,544),(576,512),(576,544)
(608,512),(608,544),(608,512)
(544,576),(512,576),(544,576)
(544,608),(512,608),(544,608)
(128,576),(96,576),(128,576)
(128,608),(96,608),(128,608)
(64,512),(64,544),(64,512)
(32,544),(32,512),(32,544)
(32,128),(32,96),(32,128)
(64,128),(64,96),(64,128)
(128,64),(96,64),(128,64)
(128,32),(96,32),(128,32)
}

buyzones {
(0,448,640,480,672)
(1,480,640,512,672)
}

spawns {
(1,576,32);(1,608,32);(1,576,64);(1,608,64);(1,32,576);(1,64,576);(1,32,608);(1,64,608);(0,576,576);(0,608,576);(0,576,608);(0,608,608);(0,32,32);(0,64,32);(0,32,64);(0,64,64)
}

waypoints {
(352,64);(64,352);(352,576);(576,320)
}

guns {
(27,496,496);(27,496,144);(27,176,144);(27,176,496)
}
