tiles {
2,2,2,2,2,2,2,2,2,2,2,2,2,2,2,2,2,2,2,2,2,2,2,2,2,2,2,2,2,2,2,2,2,2,2,2,2,2,2,2,2,2,2,2,2,2,2,2,2,2,2,2,2,2,2,2,2,2
2,2,2,2,2,2,2,2,2,2,2,2,2,2,2,2,2,2,2,2,2,2,2,2,2,2,2,2,2,2,2,2,2,2,2,2,2,2,2,2,2,2,2,2,2,2,2,2,40,41,2,2,2,2,2,2,2,2
2,2,2,2,2,2,2,2,2,2,2,2,2,2,2,2,2,2,2,2,2,2,2,2,2,2,2,2,2,2,2,2,2,2,2,2,2,2,2,2,2,2,2,2,2,2,2,2,21,22,2,2,2,2,2,2,2,2
2,2,2,2,2,2,2,2,2,2,2,2,2,2,2,2,2,2,2,2,2,2,2,2,2,2,2,2,2,2,2,2,2,2,2,2,2,2,2,2,2,2,33,16,16,16,16,16,18,22,2,2,40,16,16,41,2,2
2,2,2,2,2,2,2,2,2,2,2,2,2,2,2,2,2,2,2,2,2,46,47,48,49,50,2,2,2,2,2,2,2,2,2,2,2,2,2,2,2,2,21,1,1,1,1,1,1,22,2,2,21,1,1,22,2,2
2,2,2,2,2,2,2,2,2,2,2,2,2,2,2,2,2,2,2,2,2,51,52,53,54,55,2,2,2,2,2,2,2,2,2,2,2,2,2,2,2,2,21,1,1,1,1,1,1,22,2,2,21,1,1,22,2,2
2,2,2,2,2,2,2,2,2,2,2,2,2,2,2,2,2,2,2,2,2,56,57,58,59,60,2,2,2,2,2,2,2,2,2,2,2,2,2,2,2,2,21,1,1,1,1,30,1,20,16,16,18,1,1,22,2,2
2,2,2,2,2,2,2,2,2,2,2,2,2,2,2,2,2,2,2,2,2,61,62,63,64,65,2,2,2,2,2,2,2,2,2,2,2,2,2,2,2,3,18,1,1,120,120,120,120,120,120,120,1,1,1,22,2,2
2,2,2,2,2,2,2,2,2,2,2,2,2,2,2,2,2,2,2,2,2,66,67,68,69,70,33,33,35,36,4,4,4,4,44,4,4,4,4,4,4,6,93,93,93,4,4,35,4,4,4,4,6,0,0,11,2,2
2,2,2,2,2,2,2,2,2,2,2,2,2,2,2,2,2,2,2,2,2,2,2,2,2,2,44,36,4,6,170,0,0,0,0,0,0,0,0,33,0,0,0,0,0,0,0,0,0,0,0,0,0,0,0,11,2,2
2,2,2,2,2,2,2,2,2,2,2,2,2,2,2,2,2,2,2,2,2,40,16,16,16,45,36,6,92,0,0,0,0,0,91,0,170,0,0,0,0,0,0,0,91,170,0,0,0,0,0,0,170,0,91,11,2,2
2,2,2,2,2,2,2,2,2,2,3,4,4,4,4,4,5,2,2,2,2,21,23,19,24,31,9,0,12,33,14,14,14,35,14,93,93,44,14,14,14,13,0,0,0,0,0,0,0,0,0,0,0,0,113,11,2,2
2,2,2,2,2,2,2,2,2,3,6,0,0,0,0,0,8,4,4,37,2,21,22,2,21,31,9,0,11,123,122,122,122,122,122,1,1,122,2,2,2,7,93,93,93,14,14,14,14,14,14,14,13,0,12,38,2,2
2,36,4,4,4,129,8,4,4,6,0,0,0,0,0,0,0,0,0,11,2,93,93,2,21,31,9,0,11,32,23,19,19,19,19,93,93,19,2,2,2,2,9,0,11,2,2,2,2,2,2,2,9,0,11,33,2,2
2,9,111,0,0,129,12,14,14,14,14,14,14,14,14,14,14,13,0,11,2,9,11,2,21,31,9,0,11,32,22,2,2,2,2,34,34,2,2,2,2,2,9,0,11,2,2,2,2,2,2,2,9,106,107,2,2,2
2,9,0,0,0,79,11,2,2,2,2,2,2,2,2,2,2,9,0,11,2,9,11,2,21,31,9,0,11,32,22,2,2,2,2,34,34,2,2,2,2,2,9,0,11,2,2,2,2,2,2,2,102,103,11,2,2,2
2,9,0,0,0,79,11,2,2,2,2,2,36,37,2,2,2,9,0,8,4,6,11,2,21,31,9,0,11,32,22,2,2,2,2,34,34,2,2,2,2,2,9,0,11,2,2,2,36,4,4,4,6,0,11,2,2,2
2,9,0,0,0,129,11,2,2,2,2,2,9,44,2,2,2,9,0,12,14,14,38,2,21,31,9,0,11,32,22,2,2,2,2,34,34,2,2,2,2,2,9,0,11,2,2,2,9,0,113,0,0,0,11,2,2,2
2,9,0,0,0,129,11,2,2,2,2,2,9,11,2,2,2,9,0,11,2,2,2,2,21,31,9,0,11,32,22,2,2,2,2,34,34,2,2,2,2,2,9,0,11,2,2,2,9,0,111,0,0,0,11,2,2,2
2,9,0,0,0,129,11,2,2,2,2,2,9,11,2,2,2,9,0,11,2,2,2,2,21,31,9,0,11,32,22,2,2,44,34,34,34,34,2,2,2,2,35,0,11,2,2,2,9,115,0,0,0,0,8,79,22,2
2,9,0,0,0,129,8,4,4,4,4,4,6,8,4,4,4,6,0,8,4,4,4,94,6,0,6,170,8,0,11,2,2,34,153,154,155,156,34,34,34,34,9,0,11,2,2,2,9,0,0,0,0,0,12,79,22,2
2,33,0,0,0,135,132,132,132,132,132,132,0,76,0,0,0,0,0,0,0,0,0,97,0,0,0,0,0,0,11,2,2,34,157,158,159,160,34,34,34,34,9,0,11,2,2,2,9,0,0,0,13,0,11,121,22,2
3,6,0,0,0,0,0,0,0,0,0,0,0,0,0,0,0,0,0,0,0,0,96,0,0,0,0,0,0,0,11,2,2,34,161,162,163,164,34,34,34,34,9,0,11,2,2,2,9,0,0,127,9,0,11,121,22,2
9,0,0,0,0,12,14,14,14,14,14,14,13,0,0,92,0,0,0,12,14,14,99,14,13,0,0,92,0,0,11,2,2,34,165,166,167,168,2,2,2,2,9,0,11,2,2,2,9,0,0,127,9,0,11,121,22,2
9,0,0,44,0,128,128,128,128,128,128,35,9,0,0,0,0,0,0,11,2,2,2,2,9,0,0,0,0,76,11,2,2,34,34,34,146,2,2,2,2,2,9,0,11,2,2,2,9,0,0,127,9,0,11,121,22,2
33,0,27,0,0,0,0,0,0,0,0,127,9,0,0,0,0,0,0,139,2,2,2,2,9,0,0,0,0,0,33,2,2,34,34,34,2,2,2,2,2,2,9,0,11,2,2,2,9,76,0,127,9,0,11,121,118,2
9,0,0,35,0,0,0,28,0,0,0,127,9,0,0,91,0,0,140,133,2,2,2,2,9,0,0,0,0,35,35,2,2,34,34,34,2,2,2,2,2,2,35,0,8,4,4,4,6,0,0,127,9,92,11,2,2,2
9,0,0,0,0,0,0,0,0,0,0,127,9,0,28,111,0,0,0,11,2,2,2,2,35,0,0,0,0,8,37,34,34,34,34,34,2,2,2,2,2,2,9,0,0,0,0,0,0,0,0,127,9,0,11,2,2,2
39,14,14,14,14,14,14,14,14,14,14,127,9,0,0,12,14,14,14,38,2,2,2,2,39,14,13,0,0,12,38,34,34,34,34,44,2,2,2,2,2,2,39,14,14,14,14,14,13,0,0,127,9,0,11,2,2,2
2,2,2,2,2,2,2,2,2,2,2,2,7,14,14,10,2,2,2,2,2,2,2,2,2,2,108,109,104,105,2,2,2,34,34,34,2,46,47,48,49,50,2,2,2,2,2,2,9,0,33,130,9,0,11,32,22,2
2,2,2,2,2,2,2,2,2,2,2,2,2,2,2,2,2,46,47,48,49,50,2,2,36,4,6,0,0,0,11,2,2,34,34,34,2,51,52,53,54,55,2,2,2,2,2,2,144,143,33,35,9,0,11,32,22,2
2,2,2,2,2,2,2,2,2,2,2,2,2,2,2,2,2,51,52,53,54,55,2,2,9,0,92,0,0,0,11,2,2,34,34,34,2,56,57,58,59,60,2,2,2,2,2,2,9,11,44,36,6,0,11,32,22,2
2,2,2,2,2,2,2,2,2,2,2,2,2,2,2,2,2,56,57,58,59,60,2,2,9,0,0,0,0,35,35,2,2,34,34,34,2,61,62,63,64,65,2,2,2,2,2,2,9,8,4,6,0,0,11,32,22,2
2,2,2,2,2,2,2,2,2,2,2,2,2,2,2,2,2,61,62,63,64,65,2,2,9,0,0,0,0,0,33,2,2,34,34,34,2,66,67,68,69,70,2,2,2,2,2,2,9,0,0,0,0,0,11,32,22,2
2,2,2,2,2,2,2,2,2,2,2,2,2,2,2,2,2,66,67,68,69,70,2,2,9,0,110,0,0,0,11,2,2,34,34,34,2,2,2,2,2,2,2,2,2,2,2,2,9,0,0,0,0,91,11,2,2,2
2,2,2,2,2,2,2,2,2,2,2,2,2,2,2,2,2,2,2,2,2,2,2,2,9,0,0,0,0,0,8,4,4,4,4,37,2,2,2,2,2,2,2,2,2,2,2,2,39,14,14,14,13,0,11,2,2,2
2,2,2,2,2,2,2,2,2,2,2,2,2,2,2,2,2,2,2,2,2,2,2,2,9,0,0,0,0,0,0,0,0,0,0,8,37,2,2,2,2,2,2,2,2,2,2,2,2,2,2,2,39,14,38,2,2,2
2,2,2,2,2,2,2,2,2,2,2,2,2,2,2,2,2,2,2,2,2,2,2,2,9,0,0,0,0,0,0,0,0,91,0,0,11,2,2,2,2,2,2,2,2,2,2,2,2,2,2,2,2,2,2,2,2,2
2,2,2,2,2,2,2,2,2,2,2,2,2,2,2,2,2,2,2,2,2,2,2,2,33,44,0,0,0,0,0,0,0,0,0,0,11,2,2,2,2,2,2,2,2,2,2,2,2,2,2,2,2,2,2,2,2,2
2,2,2,2,2,2,2,2,2,2,2,2,2,2,2,2,2,2,2,2,2,2,2,2,44,0,0,0,112,12,14,14,14,93,93,14,38,2,2,2,2,2,2,2,2,2,2,2,2,2,2,2,2,2,2,2,2,2
2,2,2,2,2,2,2,2,2,2,2,2,2,2,2,2,2,2,2,2,2,2,2,2,9,0,0,0,0,44,123,122,122,1,22,2,2,2,2,2,2,2,2,2,2,2,2,2,2,2,2,2,2,2,2,2,2,2
2,2,2,2,2,2,2,2,2,2,2,2,2,2,2,2,2,2,2,2,2,2,2,2,9,0,92,0,0,11,32,1,1,1,22,2,2,2,2,2,2,2,2,2,2,2,2,2,2,2,2,2,2,2,2,2,2,2
2,2,2,2,2,2,2,2,2,2,2,2,2,2,2,2,2,2,2,2,2,2,2,2,9,0,27,0,0,11,32,35,1,1,22,2,2,2,2,2,2,2,2,2,2,2,2,2,2,2,2,2,2,2,2,2,2,2
2,2,2,2,2,2,2,2,2,2,2,2,2,2,2,2,2,2,2,2,2,2,2,2,9,0,0,0,88,11,32,1,1,1,22,2,2,2,2,2,2,2,2,2,72,73,74,2,2,2,2,2,2,2,2,2,2,2
2,2,2,2,2,2,2,2,2,2,2,2,2,2,2,2,2,2,2,2,2,2,2,2,9,44,0,0,0,11,32,1,1,44,33,2,2,2,2,2,2,2,2,2,2,2,2,2,2,2,2,2,2,2,2,2,2,2
2,2,2,2,2,2,2,2,2,2,2,2,2,2,2,2,2,2,2,2,2,2,2,2,35,0,0,0,0,11,32,1,1,33,35,2,2,2,2,2,2,2,2,2,2,2,2,2,2,2,2,2,2,2,2,2,2,2
2,2,2,2,2,2,2,2,2,2,2,2,2,2,2,2,2,2,2,2,2,2,36,4,6,0,0,0,0,11,32,1,1,1,22,2,2,2,2,2,2,2,2,2,2,2,2,2,2,2,2,2,2,2,2,2,2,2
2,2,2,2,2,2,2,2,2,2,2,2,2,2,2,2,2,2,2,2,2,2,9,0,0,0,0,0,0,11,32,1,1,30,22,2,2,2,2,2,2,2,2,2,2,2,2,2,2,2,2,2,2,2,2,2,2,2
2,2,2,2,2,2,2,2,2,2,2,2,2,2,2,2,2,2,2,2,2,2,9,0,0,0,0,147,0,11,32,1,1,1,22,2,2,2,2,2,2,2,2,2,2,2,2,2,2,2,2,2,2,2,2,2,2,2
2,2,2,2,2,2,2,2,2,2,2,2,2,2,2,2,2,2,2,2,2,2,9,0,111,0,12,14,14,38,35,33,19,19,42,2,2,2,2,2,2,2,2,2,2,2,2,2,2,2,2,2,2,2,2,2,2,2
2,2,2,2,2,2,2,2,2,2,2,2,2,2,2,2,2,2,2,2,2,2,39,14,14,14,38,2,2,2,2,2,2,2,2,2,2,2,2,2,2,2,2,2,2,2,2,2,2,2,2,2,2,2,2,2,2,2
2,2,2,2,2,2,2,2,2,2,2,2,2,2,2,2,2,2,2,2,2,2,2,2,2,2,2,2,2,2,2,2,2,2,2,2,2,2,2,2,2,2,2,2,2,2,2,2,2,2,2,2,2,2,2,2,2,2
}

collision {
(64,672),(64,704),(32,704),(0,736),(0,928),(384,928),(416,960),(480,960),(512,928),(640,928),(640,864),(608,864),(608,800),(640,800),(640,768),(768,768),(768,864),(800,864),(800,896),(768,896),(768,928),(832,928),(832,960),(768,960),(768,1216),(800,1216),(800,1248),(768,1248),(768,1440),(800,1440),(800,1472),(704,1472),(704,1632),(864,1632),(864,1600),(960,1600),(960,1568),(1024,1568),(1024,1600),(1120,1600),(1120,1472),(1056,1472),(1056,1408),(1120,1408),(1120,1280),(1184,1280),(1184,1152),(1152,1152),(1152,928),(1120,928),(1120,896),(1152,896),(1152,800),(1184,800),(1184,768),(1216,768),(1216,736),(1344,736),(1344,832),(1376,832),(1376,864),(1344,864),(1344,928),(1536,928),(1536,1152),(1664,1152),(1664,1184),(1760,1184),(1760,1088),(1824,1088),(1824,928),(1760,928),(1760,832),(1824,832),(1824,608),(1760,608),(1760,416),(1792,416),(1792,96),(1664,96),(1664,192),(1600,192),(1600,32),(1536,32),(1536,96),(1376,96),(1376,128),(1344,128),(1344,224),(1312,256),(928,256),(928,288),(864,288),(864,320),(832,320),(832,352),(800,352),(800,320),(672,320),(672,512),(640,512),(640,384),(544,384),(512,352),(352,352),(288,416),(32,416),(32,672),(64,672)
(448,640),(448,576),(416,576),(416,544),(448,544),(448,512),(384,512),(384,640),(224,640),(224,480),(544,480),(544,640),(448,640)
(96,864),(128,864),(128,832),(96,832),(96,864)
(384,768),(384,800),(352,800),(352,768),(384,768)
(768,384),(768,640),(640,640),(640,576),(736,576),(736,384),(768,384)
(928,864),(928,832),(960,832),(960,800),(992,800),(992,448),(1120,448),(1120,608),(1088,608),(1088,640),(1056,640),(1056,864),(928,864)
(1216,448),(1184,448),(1184,608),(1216,608),(1216,640),(1376,640),(1376,608),(1344,608),(1344,416),(1312,384),(1216,384),(1216,448)
(1664,512),(1536,512),(1536,832),(1440,832),(1440,416),(1664,416),(1664,512)
(1536,256),(1536,288),(1504,288),(1504,256),(1536,256)
(1280,288),(1280,320),(1248,320),(1248,288),(1280,288)
(1088,352),(1088,384),(1056,384),(1056,352),(1088,352)
(960,384),(928,384),(928,352),(960,352),(960,384)
(1632,928),(1632,960),(1664,960),(1664,992),(1600,992),(1600,928),(1632,928)
(960,960),(992,960),(992,1024),(928,1024),(928,1056),(960,1056),(960,1088),(992,1088),(992,1120),(1056,1120),(1056,928),(960,928),(960,960)
(1024,1344),(1024,1376),(992,1376),(992,1344),(1024,1344)
(960,1280),(960,1312),(928,1312),(928,1280),(960,1280)
(911,953),(960,927),(911,953)
(881,935),(832,959),(881,935)
(710,719),(736,767),(710,719)
(736,641),(760,689),(736,641)
(1713,504),(1664,481),(1713,504)
(1760,478),(1711,455),(1760,478)
}

collisionPeople {
(160,480),(168,480),(168,416),(160,416),(160,480)
(160,704),(384,704),(384,696),(168,696),(168,544),(160,544),(160,704)
(160,776),(376,776),(376,800),(376,928),(384,928),(384,768),(160,768),(160,776)
(824,352),(824,640),(832,640),(832,352),(824,352)
(928,640),(928,384),(1120,384),(1120,392),(936,392),(936,640),(928,640)
(1184,384),(1216,384),(1216,392),(1184,392),(1184,384)
(1056,1280),(960,1280),(960,1568),(968,1568),(968,1288),(1056,1288),(1056,1280)
(1632,960),(1632,952),(1656,952),(1656,704),(1664,704),(1664,960),(1632,960)
(1768,1088),(1768,928),(1760,928),(1760,1088),(1768,1088)
(1768,832),(1768,672),(1760,672),(1760,832),(1768,832)
(1664,248),(1440,248),(1440,256),(1664,256),(1664,248)
(478,874),(469,896),(448,883),(457,869),(478,874)
(507,885),(494,892),(486,888),(485,874),(502,871),(507,885)
(606,866),(576,864),(575,833),(608,831),(606,866)
(91,467),(74,474),(70,459),(86,451),(91,467)
(228,853),(245,862),(253,842),(232,834),(228,853)
(861,1110),(842,1116),(836,1096),(852,1091),(861,1110)
(795,1586),(781,1598),(773,1578),(792,1573),(795,1586)
(1067,1523),(1074,1532),(1079,1528),(1077,1523),(1068,1522),(1061,1509),(1073,1509),(1067,1523)
(1629,565),(1619,578),(1626,579),(1624,597),(1610,599),(1605,583),(1614,578),(1600,555),(1624,543),(1629,565)
(1604,616),(1587,635),(1569,629),(1585,608),(1604,616)
(1806,808),(1810,825),(1816,821),(1810,812),(1805,816),(1800,806),(1805,801),(1806,808)
(1756,374),(1738,381),(1727,361),(1747,355),(1756,374)
(1524,206),(1528,212),(1525,223),(1521,217),(1517,208),(1512,202),(1515,195),(1522,199),(1524,206)
(768,1248),(768,1280),(800,1280),(800,1248),(832,1248),(832,1216),(800,1216),(768,1248)
(896,1394),(915,1396),(915,1379),(896,1376),(896,1394)
(800,1440),(832,1440),(832,1408),(800,1408),(800,1440)
(924,1260),(917,1281),(898,1270),(911,1254),(924,1260)
(1600,992),(1600,1024),(1632,1024),(1632,992),(1600,992)
(1184,800),(1152,800),(1152,768),(1184,768),(1184,800)
(0,832),(32,832),(32,800),(0,800),(0,832)
(128,768),(128,800),(96,800),(96,768),(128,768)
(1120,256),(1120,288),(1088,288),(1088,256),(1120,256)
(1216,384),(1184,384),(1184,352),(1216,352),(1216,384)
}

buyzones {
(1,1569,832,1736,1175)
(0,32,416,160,928)
}

spawns {
(0,80,496);(0,112,464);(0,112,496);(0,80,528);(0,112,528);(0,80,560);(0,112,560);(0,80,592);(0,112,592);(0,80,624);(0,112,624);(0,80,656);(0,112,656);(0,80,688);(0,112,688);(0,80,720);(0,112,720);(0,112,752);(0,80,752);(0,48,752);(0,48,848);(0,80,880);(0,48,880);(1,1584,1120);(1,1616,1120);(1,1648,1120);(1,1680,1120);(1,1712,1120);(1,1712,1088);(1,1680,1088);(1,1648,1088);(1,1616,1088);(1,1584,1088);(1,1584,1056);(1,1648,1056);(1,1680,1056);(1,1712,1056);(1,1712,1024);(1,1680,1024);(1,1712,992);(1,1712,960);(1,1712,928);(1,1712,1152);(1,1712,896);(1,1696,864);(1,1615,1054)
}

waypoints {
(1558,1003);(1562,943);(1497,884);(1410,864);(1387,775);(1375,703);(1308,685);(1206,692);(1145,716);(1109,765);(1096,832);(1079,934);(1082,1036);(1096,1100);(1083,1161);(1047,1206);(951,1229);(874,1302);(859,1359);(883,1201);(904,1123);(887,1046);(873,970);(904,917);(877,870);(840,808);(802,756);(758,724);(691,677);(621,696);(982,902);(1146,640);(1147,538);(1140,439);(1010,415);(973,447);(951,643);(927,698);(883,759);(861,686);(867,597);(882,489);(878,419);(888,343);(938,314);(1018,305);(1109,319);(1203,312);(1280,352);(1372,346);(1475,343);(1554,337);(1619,340);(1684,342);(1682,393);(1684,447);(1742,512);(1707,544);(1662,579);(1629,669);(1604,731);(1393,415);(1398,490);(1396,578);(1707,619);(1703,684);(1708,754);(1705,803);(162,736);(223,736);(288,738);(390,744);(468,743);(567,723);(243,446);(361,435);(453,437);(529,440);(574,473);(583,536);(580,603);(685,547);(704,469);(727,366);(795,374);(801,455);(797,592)
}

guns {
}
