24,16
10,10,10,5,5,5,6,6,6,6,6,6,6,6,6,6,6,6,5,5,5,10,10,10
10,10,10,5,5,5,6,6,6,6,6,6,6,6,6,6,6,6,5,5,5,10,10,10
10,10,10,2,2,2,6,6,6,6,6,6,8,8,8,8,8,8,2,2,2,10,10,10
10,10,10,13,13,2,2,2,2,2,4,4,4,4,2,2,2,2,2,13,13,10,10,10
10,10,10,13,13,13,13,13,13,2,4,4,4,4,2,13,13,13,13,13,13,10,10,10
10,10,10,13,13,13,13,13,13,2,4,4,4,4,2,13,13,13,13,13,13,10,10,10
10,10,10,13,13,13,13,13,13,13,10,10,10,10,13,13,13,13,13,13,13,10,10,10
10,10,10,10,10,10,10,10,10,10,10,10,10,10,10,10,10,10,10,10,10,10,10,10
10,10,10,10,10,10,10,10,10,10,10,10,10,10,10,10,10,10,10,10,10,10,10,10
10,10,10,13,13,13,13,13,13,13,10,10,10,10,13,13,13,13,13,13,13,10,10,10
10,10,10,13,13,13,13,13,13,2,4,4,4,4,2,13,13,13,13,13,13,10,10,10
10,10,10,13,13,13,13,13,13,2,4,4,4,4,2,13,13,13,13,13,13,10,10,10
10,10,10,13,13,2,2,2,2,2,4,4,4,4,2,2,2,2,2,13,13,10,10,10
10,10,10,2,2,2,6,6,6,6,6,6,6,6,6,6,6,6,2,2,2,10,10,10
10,10,10,5,5,5,6,6,6,6,6,6,6,6,6,6,6,6,5,5,5,10,10,10
10,10,10,5,5,5,6,6,6,6,6,6,6,6,6,6,6,6,5,5,5,10,10,10
(96,96),(160,96),(160,128),(288,128),(288,192),(320,192),(320,96),(192,96),(192,64),(96,64),(96,96),(-1,-1),(448,96),(576,96),(576,64),(672,64),(672,96),(608,96),(608,128),(480,128),(480,192),(448,192),(448,96),(-1,-1),(480,320),(480,384),(608,384),(608,416),(672,416),(672,448),(576,448),(576,416),(448,416),(448,320),(480,320),(-1,-1),(288,320),(288,384),(160,384),(160,416),(96,416),(96,448),(192,448),(192,416),(320,416),(320,320),(288,320),(-1,-1),(0,0),(0,512),(768,512),(768,0),(0,0),(-1,-1),(768,128),(768,128)
(528,16),(272,64),(240,16),(512,64)
(512,448),(480,496),(240,496),(256,448)
(160,480),(640,480),(384,448),(384,208),(384,208),(720,176),(384,128),(384,384),(704,256),(384,288),(256,256),(96,256),(48,336),(64,464),(48,160),(64,32),(160,32),(288,32),(432,32),(560,32),(672,32),(720,176),(720,336),(576,320),(624,160),(128,128),(144,368),(272,336),(576,256)
0:(368,48),1:(368,480),2:(560,48),2:(240,48),3:(528,480),3:(224,480),4:(384,256),5:(48,256),5:(736,240),7:(48,32),7:(736,16),6:(720,480),6:(48,480),8:(560,256),8:(176,256)
