28,24
9,4,4,4,4,4,4,4,4,10,5,5,5,5,5,5,5,5,5,5,5,5,5,5,5,5,5,5
4,5,5,5,5,5,5,5,8,4,10,5,5,5,5,5,5,5,5,5,5,5,5,5,5,5,5,5
4,5,5,5,5,5,5,5,5,8,4,10,5,5,5,5,5,5,5,5,5,5,5,5,5,5,5,5
4,5,5,5,5,5,5,5,5,5,8,4,10,5,5,5,5,5,5,5,5,5,5,5,5,5,5,5
4,5,5,5,6,6,5,5,5,5,5,8,4,10,5,5,5,5,5,5,5,5,5,5,5,5,5,5
4,5,5,5,6,5,5,5,5,5,5,5,8,4,10,5,5,5,5,5,5,5,5,5,5,5,5,5
4,5,5,5,5,5,5,5,5,5,9,10,5,8,4,10,5,5,5,5,5,5,5,5,5,5,5,5
8,4,4,5,5,9,4,4,10,5,8,7,5,5,8,4,4,4,4,4,4,10,5,5,5,5,5,5
5,5,4,5,5,4,4,4,4,10,5,5,5,5,5,5,5,5,6,5,5,8,4,4,10,5,5,5
5,5,4,5,5,4,4,4,4,4,10,5,5,5,5,5,5,5,6,5,5,5,5,5,8,10,5,5
5,5,4,5,5,4,4,4,4,4,4,5,5,5,5,5,5,5,5,5,5,5,5,5,5,4,5,5
5,9,7,5,5,4,4,4,4,4,4,5,5,5,5,5,5,5,5,5,5,5,5,5,5,4,5,5
5,4,5,5,5,4,4,4,4,4,4,5,5,5,5,5,9,4,4,4,10,5,5,5,5,4,5,5
5,4,5,5,5,8,4,4,4,4,4,5,5,5,6,6,4,4,4,4,4,10,5,5,5,4,5,5
5,4,5,5,5,5,8,4,4,4,4,5,5,5,5,5,4,4,4,4,4,4,5,5,5,4,5,5
5,4,5,5,6,5,5,4,4,4,4,5,5,5,5,5,4,4,4,4,4,4,5,5,5,4,5,5
5,4,5,5,6,6,5,4,4,4,4,5,5,5,5,5,4,4,4,4,4,7,5,5,5,8,4,10
5,4,10,5,5,5,5,8,4,4,7,5,5,5,5,5,8,4,4,4,7,5,5,5,5,5,5,4
5,8,4,10,5,5,5,5,5,5,5,5,5,5,5,5,5,5,5,5,5,5,5,6,5,5,5,4
5,5,8,4,10,5,5,5,5,5,5,5,5,5,5,5,5,5,5,5,5,5,6,6,5,5,5,4
5,5,5,8,4,10,5,5,5,5,5,5,5,5,6,6,5,5,5,5,5,5,5,5,5,5,5,4
5,5,5,5,8,4,4,4,4,4,4,10,5,5,6,6,5,5,9,4,10,5,5,5,5,5,5,4
5,5,5,5,5,5,5,5,5,5,8,4,4,4,4,4,4,4,4,4,4,10,5,5,5,5,5,4
5,5,5,5,5,5,5,5,5,5,5,5,5,5,5,5,5,5,5,5,8,4,4,4,4,4,4,7
(32,224),(96,224),(96,352),(64,384),(64,544),(192,672),(352,672),(384,704),(448,704),(448,640),(512,640),(512,704),(576,704),(608,672),(640,672),(704,736),(864,736),(864,544),(832,544),(800,512),(800,320),(768,288),(704,288),(672,256),(608,256),(608,320),(576,320),(576,256),(480,256),(256,32),(32,32),(32,224),(-1,-1),(160,192),(160,160),(192,160),(192,128),(128,128),(128,192),(160,192),(-1,-1),(128,544),(128,480),(160,480),(160,512),(192,512),(192,544),(128,544),(-1,-1),(512,448),(512,544),(544,576),(640,576),(704,512),(704,448),(640,384),(544,384),(512,416),(448,416),(448,448),(512,448),(-1,-1),(704,640),(768,640),(768,576),(736,576),(736,608),(704,608),(704,640),(-1,-1),(352,256),(384,224),(352,192),(320,224),(352,256),(-1,-1),(160,256),(160,416),(224,480),(224,544),(256,576),(320,576),(352,544),(352,320),(256,224),(192,224),(160,256)
(64,64),(128,64),(192,64),(64,128)
(832,704),(832,640),(832,576),(768,704)
(128,224),(80,176),(240,96),(320,256),(256,192),(384,192),(320,144),(448,320),(400,448),(480,592),(608,624),(336,624),(192,624),(208,496),(176,464),(96,528),(96,416),(128,320),(576,352),(672,352),(768,496),(688,672),(784,656),(160,64)
0:(112,144),1:(144,112),3:(96,96),2:(176,176),5:(176,496),4:(368,432),3:(800,672),2:(720,592),1:(784,624),0:(752,656)
