tiles {
21,21,5,5,5,5,5,5,5,5,5,5,5,5,5,5,5,5,5,5,5,5,5,5,5,5,5,5
21,25,20,20,20,20,8,9,20,20,20,20,20,20,8,9,20,20,20,20,20,5,9,20,20,20,8,5
21,20,20,20,20,20,20,20,20,20,22,23,20,20,20,20,20,20,20,20,20,5,20,20,20,20,20,5
21,20,20,20,20,20,20,20,20,22,21,21,23,20,20,20,20,20,20,20,20,5,20,20,20,20,20,5
21,20,20,20,22,21,21,21,21,21,21,21,21,21,21,21,21,23,20,20,20,5,7,20,20,20,20,5
21,20,20,20,24,21,21,21,21,21,21,21,21,21,21,21,21,25,20,20,20,5,5,5,20,20,20,5
21,20,20,20,20,20,20,20,20,20,21,25,20,20,20,20,20,20,20,20,20,20,20,20,20,20,20,5
21,20,20,20,20,20,20,20,20,22,25,20,20,20,20,20,20,20,6,20,20,20,20,20,20,20,20,5
21,20,20,20,20,20,20,20,20,25,20,20,20,20,20,20,20,6,9,20,20,20,20,20,20,20,20,5
21,20,20,20,20,20,20,20,20,20,20,20,20,20,20,20,6,5,20,20,20,20,20,20,20,20,20,5
21,20,20,20,21,21,21,20,20,20,6,5,5,5,5,5,5,5,5,5,5,5,5,7,20,20,20,5
21,20,20,20,20,24,21,20,20,20,8,5,5,5,5,5,5,5,5,5,5,5,5,9,20,20,20,5
21,20,20,20,20,20,21,20,20,20,20,20,20,20,20,8,5,5,9,20,20,20,20,20,20,20,20,5
21,20,20,20,20,20,21,20,20,20,20,20,20,20,20,20,8,9,20,20,20,20,20,20,20,20,20,5
21,23,20,20,20,22,21,20,20,20,20,20,22,23,20,20,20,20,20,20,22,23,20,20,20,20,6,5
21,21,21,21,21,21,21,21,21,21,21,21,21,21,21,21,21,21,21,21,21,21,21,21,21,21,5,5
}

collision {
(768,160),(736,160),(704,128),(704,64),(736,32),(832,32),(864,64),(864,448),(832,480),(704,480),(672,448),(640,480),(448,480),(416,448),(384,480),(224,480),(224,320),(128,320),(128,352),(160,352),(192,384),(192,448),(160,480),(64,480),(32,448),(32,64),(64,32),(192,32),(224,64),(256,32),(448,32),(480,64),(512,32),(672,32),(672,192),(768,192),(768,160)
(512,320),(352,320),(320,352),(352,384),(480,384),(544,448),(608,384),(736,384),(768,352),(736,320),(576,320),(576,288),(608,256),(608,224),(512,320)
(288,256),(320,224),(320,192),(160,192),(128,160),(160,128),(288,128),(352,64),(416,128),(544,128),(576,160),(544,192),(384,192),(288,288),(288,256)
}

buyzones {
(0,192,352,32,480)
(1,704,32,864,160)
}

spawns {
(1,736,64);(1,768,64);(1,832,64);(1,736,128);(1,800,128);(1,832,128);(0,64,448);(0,128,448);(0,160,448);(0,160,384);(0,96,384);(0,64,384)
}

waypoints {
(128,416);(128,416);(832,96);(64,352);(64,256);(160,256);(256,256);(256,352);(64,160);(64,96);(160,96);(256,96);(288,64);(416,64);(448,96);(544,96);(768,96);(832,96);(832,352);(64,416);(832,256);(832,352);(832,160);(832,416);(736,416);(640,416);(608,448);(480,448);(448,416);(352,416);(736,256);(640,256);(640,160);(512,256);(384,256)
}

guns {
(17,160,448);(17,128,448);(17,64,448);(17,160,384);(17,96,384);(17,64,384);(17,736,128);(17,800,128);(17,832,128);(17,736,64);(17,768,64);(17,832,64)
}
