tiles {
1,1,1,1,1,1,1,1,1,1,1,1,1,1,1,1,1,1,1,1,1,1,1,1,1,1,1,1,1,1,1,1,1,1,1,1,1,1,1,1
1,87,20,88,1,1,1,1,1,1,1,1,1,1,1,1,1,1,1,1,1,1,1,1,1,1,1,1,1,1,87,18,84,80,51,51,51,51,73,1
1,18,20,18,1,1,1,1,1,1,1,1,1,1,1,1,1,1,1,1,1,1,1,1,1,1,1,1,1,1,77,18,77,11,132,0,0,141,49,1
1,20,84,83,1,1,1,1,1,1,1,1,1,1,1,1,1,1,1,1,1,1,1,1,1,1,1,1,1,1,77,131,130,11,11,132,0,141,49,1
1,84,130,29,20,20,70,51,73,1,1,1,1,1,1,1,1,1,1,1,1,1,1,1,1,1,1,1,1,1,77,11,11,11,11,29,52,141,49,1
1,86,128,29,70,51,55,53,20,1,18,18,70,51,51,51,51,51,51,51,73,1,1,1,1,74,51,51,73,1,77,18,11,11,11,29,48,141,49,1
1,20,130,29,48,0,16,20,20,1,18,70,55,0,136,0,0,0,0,0,54,73,1,1,1,48,0,0,49,1,77,18,11,17,11,29,68,52,49,1
1,124,11,60,48,20,0,51,51,51,51,55,0,0,0,0,0,0,0,0,0,49,1,1,1,48,0,0,49,1,77,11,11,11,11,29,18,48,49,1
1,70,25,51,55,140,140,140,140,140,140,140,140,140,140,140,140,140,140,140,140,49,1,1,1,48,0,0,49,1,77,47,11,11,11,29,70,55,49,1
1,48,0,0,0,0,0,0,53,50,52,0,0,0,0,0,0,0,0,0,0,49,19,70,51,55,0,0,54,71,30,11,27,27,27,60,48,141,49,1
1,76,25,25,25,50,52,0,49,1,68,50,50,50,52,0,0,0,0,0,0,54,51,55,0,0,0,0,0,54,25,25,70,51,51,51,55,141,49,1
1,1,31,31,31,1,48,0,20,1,1,1,1,1,76,52,0,0,0,0,0,0,53,50,52,0,0,0,0,0,0,0,0,0,0,0,0,141,49,1
1,1,31,31,31,1,48,53,75,1,1,1,1,1,1,76,52,0,0,0,0,53,69,19,68,50,50,25,25,25,50,50,50,50,50,52,0,141,49,1
1,1,31,31,31,1,76,75,1,1,1,1,1,1,1,1,76,52,0,0,53,75,1,1,1,1,1,89,128,129,18,18,1,1,1,76,52,141,49,1
1,1,31,31,31,1,1,1,1,1,1,1,1,1,1,1,1,48,0,0,49,1,1,1,1,1,1,1,77,131,80,83,1,1,1,1,48,141,49,1
1,1,31,31,31,1,1,1,96,97,98,99,100,1,1,1,1,48,0,0,49,1,1,1,1,1,1,1,77,11,11,78,1,1,1,1,48,141,49,1
1,1,31,31,31,1,1,1,101,102,103,104,105,1,1,1,1,68,52,53,75,1,1,1,1,1,1,1,77,46,27,60,1,1,1,1,48,141,49,1
1,1,31,31,31,1,1,1,106,107,108,109,110,1,1,1,1,1,48,49,1,1,1,1,1,1,1,1,77,29,70,71,1,1,1,1,48,141,49,1
1,1,31,31,31,1,1,1,112,113,114,115,116,1,1,1,1,74,55,49,1,1,1,1,1,1,1,74,25,25,48,49,1,1,1,1,48,141,49,1
1,1,31,31,31,1,1,1,117,118,119,120,121,1,1,1,1,48,0,49,91,51,51,51,51,51,51,55,0,54,55,49,1,1,1,1,48,141,49,1
1,1,31,31,31,1,1,1,1,1,1,1,1,1,1,1,1,48,0,20,21,0,0,53,50,50,50,50,50,50,50,75,1,1,1,1,48,141,49,1
1,1,31,31,31,8,1,1,1,1,1,1,1,1,1,1,7,48,0,20,21,0,53,75,1,1,1,1,1,1,1,1,1,1,1,1,48,141,49,1
1,1,31,31,31,31,31,31,31,19,19,31,31,31,31,31,31,48,0,49,21,53,75,1,96,97,98,99,100,1,1,1,1,1,1,74,55,141,49,1
1,7,31,31,31,31,31,31,31,19,19,31,31,31,31,31,31,48,0,49,21,49,1,1,101,102,103,104,105,1,1,1,74,18,18,48,0,141,49,1
1,19,19,31,31,31,31,31,31,31,31,31,10,1,1,1,1,48,0,49,21,49,1,1,106,107,108,109,110,1,1,74,55,54,18,55,0,141,49,1
1,19,19,31,31,31,31,31,31,31,31,10,1,1,1,1,1,48,0,49,21,49,1,1,112,113,114,115,116,1,74,55,0,0,0,0,0,141,49,1
1,31,31,31,31,31,31,31,31,10,1,1,1,1,1,1,74,55,0,49,21,49,1,1,117,118,119,120,121,1,48,141,53,50,50,52,0,141,49,1
1,9,31,31,31,31,31,31,10,1,1,1,1,1,1,1,48,0,0,54,55,54,51,51,51,51,73,1,1,1,48,141,49,1,1,48,0,141,49,1
1,1,1,1,1,31,31,31,1,1,1,1,1,1,74,51,55,0,0,53,50,50,50,50,52,0,49,1,1,1,48,141,49,1,1,48,0,141,49,1
1,1,1,1,1,31,31,31,1,1,1,1,1,1,76,50,52,0,53,75,1,1,1,1,76,52,49,1,1,1,48,141,49,1,1,48,0,141,49,1
1,1,1,1,1,31,31,31,1,1,1,1,1,1,1,1,76,52,49,1,1,1,1,1,1,48,54,51,51,51,55,141,54,71,1,48,0,141,49,1
1,1,1,1,1,31,31,31,1,1,1,1,1,1,1,1,1,48,49,1,1,1,1,1,1,48,0,0,0,0,0,141,0,49,1,48,0,141,49,1
1,1,1,1,1,31,31,31,1,1,1,1,1,1,1,1,1,20,49,1,1,1,1,1,1,48,0,0,0,0,0,141,0,49,1,76,50,50,75,1
1,1,74,51,51,51,51,51,51,73,1,1,1,1,1,1,1,48,49,1,1,1,1,1,1,48,0,0,0,0,53,50,50,75,1,1,1,1,1,1
1,74,55,0,136,0,0,53,52,49,1,1,1,1,1,1,1,48,54,73,1,1,1,1,74,55,0,53,50,50,75,1,1,1,1,1,1,1,1,1
1,48,0,0,53,50,50,69,18,49,1,1,1,1,1,1,1,68,52,54,51,51,51,51,55,0,0,49,1,1,1,1,1,1,1,1,1,1,1,1
1,48,0,0,49,18,23,23,23,65,1,1,1,1,1,1,1,122,23,23,23,23,23,0,0,0,0,49,1,1,1,1,1,1,1,1,1,1,1,1
1,48,0,0,49,21,0,0,0,54,51,73,1,70,51,51,51,55,0,0,0,0,0,0,0,0,0,54,51,73,1,1,1,1,1,1,1,1,1,1
1,48,0,0,54,21,0,0,0,0,0,54,51,55,0,0,0,0,0,0,0,0,0,0,0,0,0,0,0,49,1,1,1,1,1,1,1,1,1,1
1,48,140,140,140,140,140,140,140,140,140,140,140,140,140,140,140,140,140,140,140,140,140,140,140,140,140,140,53,75,1,1,1,1,1,1,1,1,1,1
1,48,0,0,0,0,0,0,0,0,0,53,50,52,0,0,0,0,0,0,0,0,0,0,0,0,0,53,75,1,1,1,137,138,139,1,1,1,1,1
1,76,50,50,50,50,50,50,50,50,50,75,1,68,50,50,50,50,50,50,50,50,50,50,50,50,50,75,1,1,1,1,1,1,1,1,1,1,1,1
1,1,1,1,1,1,1,1,1,1,1,1,1,1,1,1,1,1,1,1,1,1,1,1,1,1,1,1,1,1,1,1,1,1,1,1,1,1,1,1
}

collision {
(32,1344),(1248,1344),(1248,32),(32,32),(32,1344)
}

spawns {
(0,864,224);(0,864,272);(0,864,320);(0,912,352);(0,816,352);(0,768,352);(0,720,352);(1,352,1264);(1,448,1264);(1,544,1264);(1,640,1264);(1,736,1264);(1,800,1264);(1,848,1264)
}

waypoints {
(592,336);(1072,208);(1200,80);(1168,208);(1200,384);(1200,576);(1008,384);(1200,1008);(1152,880);(1008,880);(1072,784);(928,1056);(816,928);(864,1008);(976,1008);(608,896);(592,800);(576,720);(704,656);(896,624);(928,576);(928,480);(912,400);(864,352);(688,352);(608,416);(608,512);(528,304);(432,272);(368,272);(288,272);(224,288);(160,288);(80,272);(80,208);(208,208);(96,160);(112,368);(112,448);(112,512);(96,576);(96,640);(224,368);(128,720);(144,768);(192,816);(192,912);(192,1008);(224,1072);(112,832);(432,736);(320,800);(112,1136);(96,1232);(144,1296);(240,1264);(256,1200);(304,1264);(480,1264);(592,1248);(736,1264);(832,1232);(688,1200);(816,1136);(592,1120);(512,928);(608,240);(576,224)
}

guns {
(18,352,1264);(18,448,1264);(18,544,1264);(18,640,1264);(18,736,1264);(17,864,224);(17,864,272);(17,864,320);(17,816,352);(17,912,352);(17,768,352);(17,720,352);(18,800,1264);(18,848,1264);(23,208,208);(23,1072,208)
}
