tiles {
0,1,2,4,4,4,4,4,4,4,4,4,4,4,4,4,4,4,4,4,4,4,4
4,4,4,5,3,3,3,3,6,4,4,4,5,3,3,3,3,3,9,3,3,6,4
4,5,3,3,7,4,4,8,3,4,4,5,3,3,3,3,9,3,3,3,3,3,4
4,3,3,3,4,4,4,4,3,3,3,3,3,3,3,7,4,4,8,3,3,3,4
4,3,3,3,4,4,4,4,3,3,3,3,3,3,3,4,4,4,4,3,3,3,4
4,3,3,3,6,4,4,5,3,3,3,3,3,3,3,4,4,4,4,3,3,3,4
4,3,3,3,3,3,3,3,3,3,3,3,3,3,3,6,4,4,5,3,3,3,4
4,3,3,3,3,3,3,3,7,4,4,4,4,8,3,3,3,3,3,3,3,3,4
4,3,3,3,7,4,10,14,4,4,13,10,10,4,8,3,3,3,3,3,3,3,4
4,3,3,3,4,4,12,10,10,10,10,10,10,14,4,4,4,4,8,3,3,3,4
4,3,3,3,6,4,4,4,4,12,10,10,10,10,10,10,14,4,4,3,3,3,4
4,3,3,3,3,3,3,3,6,4,10,10,11,4,4,12,10,4,5,3,3,3,4
4,3,3,3,3,3,3,3,3,6,4,4,4,4,5,3,3,3,3,3,3,3,4
4,3,3,3,7,4,4,8,3,3,3,3,3,3,3,3,3,3,3,3,3,3,4
4,3,3,3,4,4,4,4,3,3,3,3,3,3,3,7,4,4,8,3,3,3,4
4,3,3,3,4,4,4,4,3,3,3,3,3,3,3,4,4,4,4,3,3,3,4
4,3,3,3,6,4,4,5,3,3,3,3,3,3,3,4,4,4,4,3,3,3,4
4,3,3,3,3,3,9,3,3,3,3,7,4,4,3,6,4,4,5,3,3,7,4
4,8,3,3,9,3,3,3,3,3,7,4,4,4,8,3,3,3,3,7,4,4,4
4,4,4,4,4,4,4,4,4,4,4,4,4,4,4,4,4,4,4,4,0,1,2
}

collision {
(160,64),(224,64),(256,96),(256,160),(224,192),(160,192),(128,160),(128,96),(160,64)
(480,160),(480,192),(512,224),(576,224),(608,192),(608,128),(576,96),(544,96),(544,64),(512,64),(512,96),(480,128),(480,160)
(512,448),(576,448),(608,480),(608,544),(576,576),(512,576),(480,544),(480,480),(512,448)
(192,576),(192,544),(160,544),(128,512),(128,448),(160,416),(224,416),(256,448),(256,512),(224,544),(224,576),(192,576)
(128,576),(128,608),(64,608),(32,576),(32,96),(64,64),(96,64),(128,32),(256,32),(288,64),(288,96),(352,96),(416,32),(576,32),(576,64),(608,64),(608,32),(672,32),(704,64),(704,544),(672,576),(640,576),(608,608),(480,608),(448,576),(448,544),(384,544),(320,608),(160,608),(160,576),(128,576)
(160,256),(128,288),(128,320),(160,352),(256,352),(320,416),(448,416),(480,384),(512,384),(480,352),(416,352),(384,384),(320,384),(320,352),(320,352),(288,320),(224,320),(192,288),(192,256),(160,256)
(320,288),(352,256),(416,256),(416,288),(416,288),(448,320),(512,320),(544,352),(544,384),(576,384),(608,352),(608,320),(576,288),(480,288),(416,224),(288,224),(256,256),(224,256),(256,288),(320,288)
(610,741),(601,752),(610,741)
(622,752),(612,739),(622,752)
(597,789),(622,751),(597,789)
(614,782),(597,788),(614,782)
(623,792),(616,781),(623,792)
(652,740),(641,756),(652,740)
(664,755),(654,741),(664,755)
(641,790),(662,761),(641,790)
(653,785),(643,790),(653,785)
(660,795),(651,788),(660,795)
(687,745),(674,760),(687,745)
(698,765),(688,748),(698,765)
(682,793),(699,767),(682,793)
(705,786),(684,793),(705,786)
(707,789),(705,786),(707,789)
(726,748),(718,763),(726,748)
(740,756),(725,747),(740,756)
(719,788),(737,758),(719,788)
(734,783),(718,787),(734,783)
(757,795),(735,785),(757,795)
}

buyzones {
(0,32,32,128,608)
(1,608,0,704,640)
(1,320,288,384,352)
(0,320,288,384,352)
}

spawns {
(1,640,128);(1,672,128);(1,640,160);(1,672,160);(1,640,192);(1,672,192);(1,640,480);(1,672,480);(1,640,512);(1,672,512);(1,640,544);(1,672,544);(1,640,288);(1,640,320);(1,640,352);(1,672,352);(1,672,320);(1,672,288);(0,96,288);(0,96,320);(0,96,352);(0,64,352);(0,64,320);(0,64,288);(0,96,512);(0,96,480);(0,96,448);(0,64,448);(0,64,480);(0,64,512);(0,96,160);(0,96,128);(0,96,96);(0,64,96);(0,64,128);(0,64,160)
}

waypoints {
(608,416);(608,256);(544,416);(480,448);(224,288);(544,256);(480,224);(432,160);(128,224);(192,224);(256,192);(304,144);(128,384);(192,384);(256,416);(288,464);(432,496);(320,304);(416,336);(512,352);(368,112);(320,512);(368,528)
}

guns {
(7,96,352);(7,640,288);(8,672,288);(8,64,352);(9,96,320);(9,640,320);(10,64,320);(10,672,320);(11,64,288);(11,672,352);(12,640,352);(12,96,288);(13,64,160);(13,672,480);(14,640,480);(14,96,160);(15,672,512);(15,96,128);(16,640,512);(16,64,128);(17,640,544);(17,64,96);(18,672,544);(18,96,96);(19,64,448);(20,672,128);(20,96,448);(19,640,128);(21,640,160);(21,64,480);(22,672,160);(22,96,480);(23,64,512);(23,640,192);(24,96,512);(24,672,192);(27,352,320);(27,352,320);(27,352,320);(27,352,320);(27,352,320);(27,352,320)
}
