tiles {
15,15,15,15,15,15,15,15,15,15,15,15,15,15,15,15,15,15,15,15,15,15,15,15,15,15,15,15,15,15,15,15,15,15,15,15,15,15,15,15,15,15,15,15,15
15,15,15,15,15,15,15,15,15,15,15,15,15,15,15,15,15,15,15,15,15,15,15,15,15,15,15,15,15,15,15,15,15,15,15,15,15,15,15,15,15,15,15,15,15
15,15,15,15,15,15,15,15,15,15,15,15,15,15,15,15,15,15,15,15,15,15,15,15,15,15,15,15,15,15,15,15,15,15,15,15,15,15,15,15,15,15,15,15,15
15,15,15,15,15,15,15,15,15,15,15,15,15,15,15,15,15,15,15,15,15,15,15,15,15,15,15,15,15,15,15,15,15,15,15,15,15,15,15,15,15,15,15,15,15
15,15,15,15,15,15,15,15,15,15,15,15,15,15,15,15,15,15,15,15,15,15,15,15,15,15,15,15,15,15,15,15,15,15,15,15,15,15,15,15,15,15,15,15,15
15,15,15,15,15,15,15,15,17,17,17,17,17,17,17,17,17,17,17,17,17,17,17,17,17,17,17,17,17,17,17,13,15,15,15,15,15,15,15,15,15,15,15,15,15
15,15,15,15,15,15,15,15,17,17,17,17,17,17,17,17,17,17,17,17,17,17,17,17,17,17,17,17,17,17,17,10,15,15,15,15,15,15,15,15,15,15,15,15,15
15,15,15,15,15,15,15,15,17,17,5,5,27,27,27,27,27,27,27,27,27,27,27,5,27,27,27,5,5,17,17,10,15,15,15,15,15,15,15,15,15,15,15,15,15
15,15,15,15,15,15,15,15,17,17,5,25,25,25,25,25,25,25,25,25,25,25,25,5,25,25,25,25,5,17,17,10,15,15,15,15,15,15,15,15,15,15,15,15,15
15,15,15,15,15,15,15,15,17,17,30,25,29,29,29,29,25,25,25,29,29,25,25,25,25,25,25,25,28,17,17,10,15,15,15,15,15,15,15,15,15,15,15,15,15
15,15,15,16,15,15,15,15,17,17,30,28,17,17,17,17,30,25,28,17,17,30,25,25,25,25,25,25,28,17,17,10,15,15,15,15,15,15,15,15,15,15,15,15,15
15,15,15,15,15,15,15,15,17,17,30,28,17,12,9,17,30,25,28,17,17,30,25,25,25,25,25,25,28,17,17,17,17,17,17,17,17,13,15,15,15,15,15,15,15
15,15,15,15,15,15,15,15,17,17,30,28,17,10,15,17,30,25,28,17,17,30,25,25,25,25,25,5,5,17,17,17,17,17,17,17,17,10,15,15,15,15,15,15,15
15,15,15,15,15,15,15,15,17,17,19,19,17,10,15,17,30,25,28,17,17,30,25,25,5,25,25,25,25,27,27,27,27,27,25,17,17,10,15,15,15,15,15,15,15
15,15,15,15,15,15,15,15,17,17,12,9,9,11,15,17,30,25,28,17,17,25,29,29,5,29,29,29,25,25,29,29,25,26,28,17,17,10,15,15,15,15,15,15,15
15,15,15,15,15,15,15,15,17,17,10,15,15,15,15,17,19,19,19,17,17,17,17,17,17,17,17,17,25,25,17,17,30,25,28,17,17,10,15,15,15,15,15,15,15
15,15,15,15,15,15,15,15,17,17,5,5,13,15,15,14,9,9,9,9,17,17,17,17,17,17,17,17,19,19,17,17,30,25,28,17,17,10,15,15,15,15,15,15,15
15,15,15,15,15,15,15,15,17,17,12,9,11,15,15,15,15,15,15,15,17,17,12,9,9,9,9,9,9,9,17,17,30,25,28,17,17,10,15,15,15,15,15,15,15
15,15,15,15,15,15,15,15,17,17,10,15,15,5,13,15,5,5,13,15,17,17,10,15,15,15,15,15,15,15,17,17,30,25,28,17,17,10,15,15,15,15,15,15,15
15,15,15,15,15,15,15,15,17,17,10,15,5,5,10,15,5,5,10,15,14,9,11,15,15,15,5,5,13,15,17,17,30,25,28,17,17,10,15,15,15,15,15,15,15
16,16,16,16,15,15,15,15,17,17,10,15,14,9,11,15,14,9,11,15,15,15,15,15,15,15,5,5,10,15,17,17,30,25,28,17,17,10,15,15,15,15,15,15,15
16,16,16,16,15,15,15,15,17,17,10,15,15,15,15,15,15,15,15,15,15,15,15,15,15,15,14,9,11,15,17,17,30,25,28,17,17,10,15,15,15,15,15,15,15
16,16,16,16,15,15,15,15,17,17,5,5,13,15,5,5,13,15,5,5,17,17,20,20,17,13,15,15,15,15,17,17,30,25,28,17,17,10,15,15,15,15,15,15,15
16,16,16,16,15,15,15,15,17,17,12,9,11,15,14,9,11,15,14,9,17,17,30,28,17,17,17,17,17,17,17,17,30,25,28,17,17,17,17,17,17,17,17,13,15
16,16,16,16,15,15,15,15,17,17,10,15,15,15,15,15,15,15,15,15,17,17,30,25,27,27,27,27,5,5,27,27,25,25,25,17,17,17,17,17,17,17,17,10,15
16,16,16,16,15,15,15,15,17,17,20,20,17,17,17,17,17,17,20,20,17,17,30,25,25,5,25,25,25,25,25,25,25,25,25,27,27,27,27,27,25,17,17,10,15
16,16,16,16,15,15,15,15,17,17,30,28,17,17,17,17,17,17,30,28,17,17,30,25,25,29,29,29,29,25,25,5,29,29,29,29,29,29,25,25,28,17,17,10,15
16,16,16,16,15,15,15,15,17,17,30,25,27,27,27,27,27,27,25,25,25,25,25,25,28,17,17,17,17,19,19,17,17,17,17,17,17,17,19,19,19,17,17,10,15
16,16,16,16,15,15,15,15,17,17,30,25,25,25,25,25,25,25,25,25,25,25,25,25,28,17,17,17,17,12,9,17,17,17,17,17,17,17,12,9,9,17,17,10,15
16,16,16,16,15,15,15,15,17,17,25,29,29,29,25,25,29,29,29,29,29,29,29,29,25,17,17,5,5,10,21,17,17,17,17,17,17,17,10,15,15,17,17,10,15
16,16,16,16,16,15,15,15,17,17,17,17,17,17,25,25,17,17,17,17,17,17,17,17,17,17,17,12,9,11,21,17,17,17,17,17,17,17,10,15,15,17,17,10,15
16,16,16,16,16,15,15,15,17,17,17,17,17,17,19,19,17,17,17,17,17,17,17,17,17,17,17,10,15,15,15,14,9,9,9,9,17,17,5,13,15,17,17,10,15
16,16,16,16,16,15,15,15,14,9,9,9,17,17,12,9,9,9,9,9,5,5,12,9,9,9,9,11,15,15,15,15,15,15,15,15,17,17,5,10,15,17,17,10,15
16,16,16,16,16,15,15,15,15,15,15,15,17,17,10,15,15,15,15,15,14,9,11,15,15,15,15,15,15,15,17,17,17,17,13,15,17,17,12,11,15,17,17,10,15
16,16,15,16,15,15,15,15,15,15,15,15,17,17,10,15,15,15,15,15,15,15,15,15,15,15,15,15,15,15,17,17,17,17,10,15,14,9,11,15,15,17,17,10,15
15,15,15,15,15,15,21,21,21,21,21,21,17,17,17,17,17,20,20,17,17,17,17,17,20,20,17,17,13,21,17,17,17,17,10,21,15,15,21,21,5,17,17,10,15
15,15,15,15,15,21,21,21,21,21,21,21,17,17,17,17,17,30,25,27,27,27,27,27,25,28,17,17,10,21,14,9,9,9,11,21,17,17,13,21,14,17,17,10,15
15,15,15,15,15,21,21,21,21,21,21,21,14,9,9,17,17,30,25,29,29,29,29,29,25,28,17,17,10,21,21,21,21,21,21,21,17,17,10,21,15,17,17,10,15
15,15,15,15,15,15,21,21,21,21,21,21,21,21,21,17,17,17,17,17,17,17,17,17,30,28,17,17,10,21,21,5,5,13,21,21,17,17,17,17,17,17,17,10,15
15,15,15,15,15,15,15,15,15,15,15,15,15,15,15,17,17,17,17,17,17,17,17,17,17,17,17,17,17,17,17,17,17,17,17,17,17,17,17,17,17,17,17,10,15
15,15,15,15,15,15,15,15,15,15,15,15,15,15,15,14,9,9,9,9,9,9,9,17,17,17,17,17,17,17,17,17,17,17,17,17,17,17,23,24,12,9,9,11,15
15,15,15,15,15,15,15,15,15,15,15,15,15,15,15,15,15,15,15,15,15,15,15,14,9,9,9,9,9,9,9,9,9,9,9,9,9,9,9,9,11,15,15,15,15
15,15,15,15,15,15,15,15,15,15,15,15,15,15,15,15,15,15,15,15,15,15,15,15,15,15,15,15,15,15,15,15,15,15,15,15,15,15,15,15,15,15,15,15,15
15,15,15,15,15,15,15,15,15,15,15,15,15,15,15,15,15,15,15,15,15,15,15,15,15,15,15,15,15,15,15,15,15,15,15,15,15,15,15,15,15,15,15,15,15
15,15,15,15,15,15,15,15,15,15,15,15,15,15,15,15,15,15,15,15,15,15,15,15,15,15,15,15,15,15,15,15,15,15,15,15,15,15,15,15,15,15,15,15,15
}

collision {
(384,864),(576,864),(576,800),(384,800),(384,864)
(448,704),(512,704),(512,736),(448,736),(448,704)
(384,608),(416,608),(416,576),(448,576),(448,640),(384,640),(384,608)
(512,576),(576,576),(576,640),(512,640),(512,576)
(576,736),(640,736),(640,864),(704,864),(704,704),(576,704),(576,736)
(800,704),(800,736),(960,736),(960,480),(1024,480),(1024,768),(960,768),(960,800),(896,800),(896,768),(768,768),(768,704),(800,704)
(896,672),(896,608),(832,608),(832,672),(896,672)
(416,448),(416,352),(480,352),(480,512),(512,512),(512,320),(384,320),(384,448),(416,448)
(640,512),(640,608),(704,608),(704,544),(896,544),(896,480),(800,480),(800,416),(768,416),(768,480),(672,480),(672,320),(608,320),(608,512),(640,512)
(832,800),(832,832),(800,832),(800,800),(832,800)
(320,736),(384,736),(384,704),(320,704),(320,544),(384,544),(384,512),(320,512),(320,288),(352,288),(352,256),(384,256),(384,224),(736,224),(736,288),(768,288),(768,224),(864,224),(864,256),(896,256),(896,288),(928,288),(928,384),(864,384),(864,416),(1120,416),(1120,800),(1312,800),(1312,1120),(1280,1120),(1280,1152),(1312,1152),(1312,1216),(1216,1216),(1216,1152),(1152,1152),(1152,1248),(1056,1248),(1056,1216),(992,1216),(992,1248),(896,1248),(896,1120),(832,1120),(832,1248),(768,1248),(768,1216),(544,1216),(544,1120),(512,1120),(448,1120),(448,960),(320,960),(320,736)
(512,1024),(640,1024),(640,1056),(704,1056),(704,1024),(864,1024),(864,960),(928,960),(928,864),(800,864),(800,960),(512,960),(512,1024)
(608,1152),(768,1152),(768,1120),(608,1120),(608,1152)
(1024,832),(1024,864),(1216,864),(1216,992),(1248,992),(1248,1056),(1216,1056),(1216,1088),(1152,1088),(1152,992),(992,992),(992,832),(1024,832)
(1088,1056),(1088,1152),(960,1152),(960,1056),(1088,1056)
}

spawns {
(1,544,288);(1,576,288);(1,608,288);(1,640,288);(0,608,1184);(0,640,1184);(0,672,1184);(0,704,1184);(0,736,1184);(0,768,1184);(1,672,288);(1,704,288)
}

waypoints {
(1056,640)
}

guns {
}
