tiles {
9,9,9,9,9,9,9,9,9,9,9,9,9,9,9,9,9,9,9,9,9,9,9,9,9,9,9,9,9,9,9,9,9,9,9,9,9,9,9,9
9,9,9,39,40,41,42,43,44,9,9,9,9,9,9,9,9,9,9,9,9,9,9,9,9,9,9,9,9,9,9,9,9,9,9,9,9,9,9,9
9,9,9,0,0,0,0,0,0,0,0,0,0,0,0,0,0,0,0,0,0,0,0,0,0,0,0,0,0,0,0,0,0,0,0,0,0,9,9,9
9,9,9,0,24,25,25,25,0,10,11,11,11,11,11,11,11,11,11,11,11,11,11,11,11,11,11,11,11,11,11,0,24,25,25,25,0,9,9,9
9,9,9,0,26,5,5,5,38,13,1,1,1,1,1,0,0,15,1,4,4,15,1,0,0,15,1,1,1,1,1,38,27,5,5,5,0,9,9,9
9,9,9,0,26,5,5,5,6,1,1,1,1,1,1,0,10,13,1,4,4,12,1,16,0,12,1,1,1,1,1,6,5,5,5,5,0,9,9,9
9,9,9,0,26,0,0,29,0,15,1,1,1,1,1,14,13,1,1,14,11,13,1,1,14,13,1,1,1,1,1,0,29,0,0,29,0,9,9,9
9,9,9,0,26,28,25,27,0,0,0,0,0,37,6,0,0,15,0,0,0,0,15,0,0,37,6,0,0,0,0,0,26,28,25,27,0,9,9,9
9,9,9,0,26,5,5,5,28,25,25,25,0,35,6,0,10,13,4,4,4,4,12,16,0,35,6,0,24,25,25,25,27,5,5,5,0,9,9,9
9,9,9,0,26,5,5,5,5,5,3,3,0,20,2,14,13,1,4,4,4,4,12,1,14,21,2,0,3,3,29,5,5,5,5,5,0,9,9,9
9,9,9,0,26,5,5,5,5,5,3,3,0,20,2,1,1,1,14,11,11,11,13,1,1,2,2,0,3,3,26,5,5,5,5,5,0,9,9,9
9,9,9,0,3,29,5,0,0,0,0,0,0,35,6,0,0,0,15,1,1,1,0,0,0,37,6,0,0,0,0,0,0,29,5,3,0,9,9,9
9,9,9,0,3,26,5,0,18,19,19,19,19,36,6,22,19,19,21,2,2,2,22,19,19,36,6,22,19,19,19,19,0,26,5,3,0,9,9,9
9,9,9,0,24,27,5,0,20,1,1,1,1,6,6,1,1,1,1,1,1,1,1,1,1,6,6,1,1,1,1,2,0,26,5,28,0,9,9,9
9,9,9,0,26,5,5,0,20,1,0,0,0,23,2,0,0,0,17,1,1,1,0,0,0,23,2,0,0,0,15,2,0,26,5,5,0,9,9,9
9,9,9,0,26,3,3,0,20,1,0,0,10,13,1,16,0,0,4,34,8,4,0,0,10,13,1,16,0,0,12,2,0,3,3,29,0,9,9,9
9,9,9,0,26,3,3,0,20,1,0,10,13,1,1,1,16,0,4,4,4,4,0,10,13,1,1,1,16,0,12,2,0,3,3,26,0,9,9,9
9,9,9,0,26,28,25,30,31,8,22,13,1,4,4,15,1,22,19,19,19,19,19,13,1,4,4,15,1,22,31,8,33,25,25,27,0,9,9,9
9,9,9,0,26,5,5,8,8,8,2,1,1,4,4,12,1,2,2,2,2,2,2,1,1,4,4,12,1,2,8,8,8,5,5,5,0,9,9,9
9,9,9,0,26,3,3,0,23,1,0,17,1,14,11,13,1,0,4,4,4,4,0,17,1,14,11,13,1,0,15,2,0,3,3,29,0,9,9,9
9,9,9,0,26,3,3,0,20,1,0,0,17,1,1,1,0,0,4,32,30,4,0,0,17,1,1,1,0,0,12,2,0,3,3,26,0,9,9,9
9,9,9,0,26,28,25,0,20,1,0,0,0,23,2,0,0,0,10,13,1,16,0,0,0,23,2,0,0,0,12,2,0,24,25,27,0,9,9,9
9,9,9,0,26,5,5,0,20,1,14,11,11,36,6,14,11,11,13,1,1,1,14,11,11,36,6,14,11,11,13,2,0,26,5,5,0,9,9,9
9,9,9,0,3,29,5,0,20,2,2,2,2,6,6,2,2,2,2,2,2,2,2,2,2,6,6,2,2,2,2,2,0,26,5,3,0,9,9,9
9,9,9,0,3,26,5,0,0,0,0,0,0,37,6,0,0,0,15,1,1,1,0,0,0,37,6,0,0,0,0,0,0,26,5,3,0,9,9,9
9,9,9,0,24,27,5,28,25,25,3,3,0,20,2,14,11,11,13,1,1,1,14,11,11,21,2,0,3,3,24,25,25,27,5,28,0,9,9,9
9,9,9,0,26,5,5,5,5,5,3,3,0,20,2,1,1,1,4,4,4,4,15,1,1,2,2,0,3,3,26,5,5,5,5,5,0,9,9,9
9,9,9,0,26,5,5,5,5,5,28,25,0,35,6,0,17,1,4,4,4,4,12,1,0,37,6,0,24,25,27,5,5,5,5,5,0,9,9,9
9,9,9,0,26,5,5,5,0,0,0,0,0,35,6,0,0,15,0,0,0,0,12,0,0,35,6,0,0,0,0,0,29,5,5,5,0,9,9,9
9,9,9,0,26,0,0,29,0,10,11,11,11,13,1,14,11,13,14,11,11,11,13,14,11,13,1,14,11,11,11,0,26,0,0,29,0,9,9,9
9,9,9,0,26,28,25,27,38,13,1,1,1,1,1,0,17,1,1,4,4,15,1,1,0,15,1,1,1,1,1,38,27,28,25,27,0,9,9,9
9,9,9,0,26,5,5,5,6,1,1,1,1,1,1,0,0,15,1,4,4,12,1,0,0,12,1,1,1,1,1,6,5,5,5,5,0,9,9,9
9,9,9,0,26,5,5,5,0,15,1,1,1,1,1,14,11,13,1,14,11,13,1,14,11,13,1,1,1,1,1,0,29,5,5,5,0,9,9,9
9,9,9,0,0,0,0,0,0,0,0,0,0,0,0,0,0,0,0,0,0,0,0,0,0,0,0,0,0,0,0,0,0,0,0,0,0,9,9,9
9,9,9,9,9,9,9,9,9,9,9,9,9,9,9,9,9,9,9,9,9,9,9,9,9,9,9,9,9,9,9,39,40,41,42,43,44,9,9,9
9,9,9,9,9,9,9,9,9,9,9,9,9,9,9,9,9,9,9,9,9,9,9,9,9,9,9,9,9,9,9,9,9,9,9,9,9,9,9,9
}

collision {
(480,480),(512,480),(512,512),(544,512),(544,544),(736,544),(736,512),(768,512),(768,480),(800,480),(800,448),(704,448),(704,480),(672,480),(672,512),(608,512),(608,480),(576,480),(576,448),(480,448),(480,480)
(320,544),(352,544),(352,512),(384,512),(384,480),(416,480),(416,448),(320,448),(320,544)
(160,480),(224,480),(224,352),(320,352),(320,288),(384,288),(384,256),(256,256),(256,192),(288,192),(288,224),(416,224),(416,384),(256,384),(256,544),(160,544),(160,480)
(416,608),(480,608),(480,544),(416,544),(416,608)
(544,640),(512,640),(512,672),(480,672),(480,704),(576,704),(576,672),(608,672),(608,640),(672,640),(672,672),(704,672),(704,704),(800,704),(800,672),(768,672),(768,640),(736,640),(736,608),(544,608),(544,640)
(320,704),(416,704),(416,672),(384,672),(384,640),(352,640),(352,608),(320,608),(320,704)
(160,672),(224,672),(224,800),(320,800),(320,864),(384,864),(384,896),(256,896),(256,960),(288,960),(288,928),(416,928),(416,768),(256,768),(256,608),(160,608),(160,672)
(160,960),(224,960),(224,928),(160,928),(160,960)
(480,800),(576,800),(576,768),(480,768),(480,800)
(480,928),(544,928),(544,896),(512,896),(512,864),(480,864),(480,928)
(576,928),(704,928),(704,832),(576,832),(576,928)
(608,1024),(672,1024),(672,960),(608,960),(608,1024)
(736,1024),(800,1024),(800,960),(768,960),(768,992),(736,992),(736,1024)
(480,1024),(544,1024),(544,992),(512,992),(512,960),(480,960),(480,1024)
(736,928),(800,928),(800,864),(768,864),(768,896),(736,896),(736,928)
(704,800),(800,800),(800,768),(704,768),(704,800)
(1056,960),(1120,960),(1120,928),(1056,928),(1056,960)
(864,704),(960,704),(960,608),(928,608),(928,640),(896,640),(896,672),(864,672),(864,704)
(800,608),(864,608),(864,544),(800,544),(800,608)
(864,480),(896,480),(896,512),(928,512),(928,544),(960,544),(960,448),(864,448),(864,480)
(704,384),(800,384),(800,352),(704,352),(704,384)
(480,384),(576,384),(576,352),(480,352),(480,384)
(736,256),(768,256),(768,288),(800,288),(800,224),(736,224),(736,256)
(576,320),(704,320),(704,224),(576,224),(576,320)
(480,288),(512,288),(512,256),(544,256),(544,224),(480,224),(480,288)
(480,192),(512,192),(512,160),(544,160),(544,128),(480,128),(480,192)
(608,192),(672,192),(672,128),(608,128),(608,192)
(800,128),(800,192),(768,192),(768,160),(736,160),(736,128),(800,128)
(992,224),(864,224),(864,384),(1024,384),(1024,544),(1120,544),(1120,480),(1056,480),(1056,352),(960,352),(960,288),(896,288),(896,256),(1024,256),(1024,192),(992,192),(992,224)
(1056,224),(1120,224),(1120,192),(1056,192),(1056,224)
(1024,768),(864,768),(864,928),(992,928),(992,960),(1024,960),(1024,896),(896,896),(896,864),(960,864),(960,800),(1056,800),(1056,672),(1120,672),(1120,608),(1024,608),(1024,768)
(992,1056),(288,1056),(288,1024),(256,1024),(256,1056),(128,1056),(128,800),(160,800),(160,736),(128,736),(128,416),(160,416),(160,352),(128,352),(128,96),(256,96),(256,128),(288,128),(288,96),(992,96),(992,128),(1024,128),(1024,96),(1152,96),(1152,352),(1120,352),(1120,416),(1152,416),(1152,736),(1120,736),(1120,800),(1152,800),(1152,1056),(1024,1056),(1024,1024),(992,1024),(992,1056)
(160,224),(224,224),(224,192),(160,192),(160,224)
}

buyzones {
(0,288,96,480,208)
(0,800,96,992,208)
(1,288,944,480,1056)
(1,800,944,992,1056)
}

spawns {
(1,832,976);(1,864,1024);(1,896,976);(1,384,976);(1,416,1024);(1,448,976);(1,352,1024);(1,320,976);(1,928,1024);(1,960,976);(0,320,176);(0,352,128);(0,384,176);(0,416,128);(0,448,176);(0,832,176);(0,864,128);(0,896,176);(0,928,128);(0,960,176)
}

waypoints {
(1024,160);(832,256);(448,256);(448,416);(832,416);(992,416);(640,416);(288,416);(256,160);(272,576);(1008,576);(992,736);(288,736);(448,736);(640,736);(832,736);(352,576);(448,480);(544,576);(640,576);(448,672);(736,576);(832,512);(928,576);(832,672);(832,896);(448,896);(256,992);(1024,992);(1040,944);(240,944);(240,208);(1040,208);(1088,320);(1088,832);(192,832);(192,320);(160,704);(144,640);(144,512);(160,576);(160,448);(1120,448);(1136,512);(1120,576);(1136,640);(1120,704);(384,160);(896,160);(896,992);(384,992)
}

guns {
(26,624,656);(26,640,656);(26,656,656);(26,624,496);(26,640,496);(26,656,496)
}
