20,20
8,8,8,8,8,8,8,8,8,8,8,8,8,8,8,8,8,8,8,8
8,8,8,8,8,8,8,8,8,8,8,8,8,8,8,8,8,8,3,8
8,8,8,8,8,8,8,6,3,3,7,8,4,5,8,8,8,8,3,8
8,8,8,8,4,5,8,8,8,8,8,4,3,3,5,8,8,8,3,8
8,8,8,6,3,3,5,8,8,8,8,6,3,3,3,5,8,8,3,8
8,8,8,8,6,3,3,5,8,8,8,8,6,3,3,3,5,8,3,8
8,8,3,8,8,6,3,3,5,8,8,8,8,6,3,3,7,8,3,8
8,8,8,8,8,8,6,3,3,5,8,8,8,8,6,7,8,8,8,8
8,8,8,8,8,8,8,6,3,3,5,8,8,8,8,8,8,8,4,8
8,8,4,3,3,5,8,8,6,3,3,5,8,8,8,8,8,4,3,8
8,8,6,3,3,7,8,8,8,6,3,3,5,8,8,8,4,3,3,8
8,8,8,8,8,8,8,8,8,8,3,3,3,5,8,8,6,3,3,8
8,8,8,8,8,8,8,8,8,8,3,3,3,3,5,8,8,6,3,8
8,8,8,8,6,3,3,3,8,8,6,3,3,3,7,8,8,8,8,8
8,8,8,8,4,3,3,3,8,8,8,8,3,7,8,8,8,8,8,8
8,8,8,4,3,3,3,3,8,8,8,8,7,8,8,4,8,8,8,8
8,8,4,3,3,3,3,3,8,3,8,8,8,8,4,3,8,8,8,8
8,8,8,8,8,8,8,6,8,8,8,8,8,4,3,3,8,8,8,8
8,8,8,3,8,8,8,8,8,8,8,8,8,8,8,8,8,8,8,8
8,8,8,8,8,8,8,8,8,8,8,8,8,8,8,8,8,8,8,8
(0,640),(640,640),(640,0),(0,0),(0,640),(-1,-1),(128,128),(96,128),(320,352),(320,416),(352,448),(384,448),(384,512),(480,416),(160,96),(128,128),(-1,-1),(224,64),(224,64),(-1,-1),(352,64),(320,96),(256,96),(224,64),(352,64),(-1,-1),(480,256),(544,192),(416,64),(352,128),(480,256),(-1,-1),(128,416),(160,448),(64,544),(224,544),(256,576),(256,512),(256,416),(128,416),(-1,-1),(160,288),(192,320),(160,352),(96,352),(64,320),(96,288),(160,288),(-1,-1),(512,576),(512,480),(416,576),(512,576),(-1,-1),(608,416),(576,416),(512,352),(608,256),(608,416),(-1,-1),(608,32),(576,32),(576,224),(608,224),(608,32),(-1,-1),(96,608),(128,608),(128,576),(96,576),(96,608),(-1,-1),(288,544),(320,544),(320,512),(288,512),(288,544),(-1,-1),(64,224),(96,224),(96,192),(64,192),(64,224)
(544,544),(544,608),(608,544),(608,608)
(32,32),(96,32),(96,96),(32,96)
(576,480),(456,320),(304,144),(624,240),(560,256),(560,48),(592,16),(624,48),(624,448),(624,240),(512,432),(368,592),(368,480),(272,480),(272,368),(48,384),(48,256),(160,240),(64,128),(160,32),(400,32),(272,592),(160,560),(48,560),(160,624),(48,624)
4:(544,544),4:(544,608),4:(608,608),4:(608,544),4:(32,96),4:(96,96),4:(96,32),4:(32,32)
