tiles {
25,25,25,25,25,25,25,25,25,25,25,25,25,25,25,25,25,25,25,25,25,45,0,0,0,45,25,45,0,0,0,44,25,25,25,25,25,25,25,25,25,25,25,25,25,25,25,25,25,25,25,25,25,25,25,25,25,25,25,25,25,25,25,25,25,25,25,0,0,29,7,0,25,25,25,25,25,25,25,25,25,25,25,25,25,25,25,25,25,25,25,25,25,25,25,25,25,25,25,25
25,25,25,25,25,25,25,25,25,25,25,25,25,25,25,25,25,25,25,25,25,44,0,29,0,44,25,44,0,29,0,45,25,25,25,25,25,25,25,25,25,25,25,25,25,25,25,25,25,25,25,25,25,25,25,25,25,25,25,25,25,25,25,25,25,25,25,0,0,0,8,0,25,25,25,25,25,25,25,25,25,25,25,25,25,25,25,25,25,25,25,25,25,25,25,25,25,25,25,25
25,25,25,25,25,25,25,25,25,25,25,25,25,25,25,25,25,25,25,25,25,45,0,7,0,45,25,45,0,7,0,44,25,25,25,25,25,25,25,25,25,25,25,25,25,25,25,25,25,25,25,25,25,25,25,25,25,25,25,25,25,25,25,25,25,25,25,0,7,0,0,0,25,25,25,25,25,25,25,25,25,25,25,25,25,25,25,25,25,25,25,25,25,25,25,25,25,25,25,25
25,25,25,25,25,25,25,25,25,25,25,25,25,25,25,25,25,25,25,25,25,44,0,0,0,12,25,44,8,0,12,12,25,25,25,25,25,25,25,25,25,25,25,25,25,25,25,25,25,25,25,25,25,25,25,25,25,25,25,25,25,25,25,25,25,25,25,0,0,29,0,0,25,25,25,25,25,25,25,25,25,25,25,25,25,25,25,25,25,25,25,25,25,25,25,25,25,25,25,25
25,25,25,25,25,25,25,25,25,25,25,25,25,25,25,25,25,25,25,25,25,10,11,10,11,13,25,10,11,29,13,13,25,25,25,25,25,25,25,25,25,25,25,25,25,25,25,25,25,25,25,25,25,25,25,25,25,25,25,25,25,25,25,25,25,25,25,0,0,10,11,12,25,25,25,25,25,25,25,25,25,25,25,25,25,25,25,25,25,25,25,25,25,25,25,25,25,25,25,25
25,25,25,25,25,25,54,55,56,57,58,59,60,61,62,63,64,65,66,25,25,46,47,43,46,47,25,46,47,43,46,47,25,25,25,25,25,25,25,25,25,25,25,25,25,25,25,25,25,25,25,25,25,25,25,25,25,25,25,25,25,25,25,25,25,25,25,10,11,46,47,13,25,54,55,56,57,58,59,60,61,62,63,64,65,66,25,25,25,25,25,25,25,25,25,25,25,25,25,25
25,25,25,25,25,25,3,3,3,3,3,3,3,3,25,23,50,24,25,1,1,0,0,0,0,0,0,0,0,0,0,0,1,1,25,25,25,25,25,25,25,25,25,25,25,25,25,25,25,25,25,25,25,25,25,25,25,25,25,25,25,25,25,25,25,1,1,0,0,29,0,8,1,1,1,1,1,1,1,1,1,1,1,1,1,1,1,1,1,1,1,1,1,1,25,25,25,25,25,25
25,25,25,25,25,25,3,3,4,5,3,3,3,3,22,18,18,18,25,1,1,0,0,12,0,0,0,7,0,29,0,7,1,1,25,25,25,25,54,55,56,57,58,59,60,61,62,63,64,65,66,25,25,25,25,25,25,25,25,25,25,25,25,25,25,1,1,7,0,0,0,0,1,1,1,1,1,1,1,1,1,1,1,1,1,1,1,1,1,1,1,1,1,1,25,25,25,25,25,25
25,25,25,25,25,25,3,3,3,3,3,3,3,3,22,18,18,18,25,1,1,7,0,13,0,0,28,0,0,0,0,0,1,1,25,18,14,15,14,15,14,15,14,15,18,18,18,18,18,17,18,23,24,23,18,17,18,18,18,18,18,18,18,18,25,1,1,0,0,7,0,0,1,1,2,2,2,2,2,2,2,2,2,2,2,2,2,2,2,2,2,2,1,1,25,25,25,25,25,25
25,25,25,25,25,25,3,3,3,3,3,3,3,3,22,18,18,18,25,1,1,0,0,0,0,0,0,0,12,0,0,0,1,1,25,18,18,18,18,18,18,18,18,18,18,18,18,18,18,16,18,18,18,18,18,16,18,18,18,18,50,18,50,18,25,1,1,0,0,29,0,0,1,1,2,3,3,3,3,3,3,3,3,3,3,3,19,19,19,19,3,2,1,1,25,25,25,25,25,25
25,25,25,25,25,25,21,21,22,21,25,25,25,25,25,18,18,18,25,1,1,0,0,29,0,0,7,0,13,29,0,0,1,1,25,18,18,18,18,18,18,18,18,14,15,15,14,15,18,17,18,18,0,18,18,17,18,18,0,18,18,18,18,53,25,1,1,10,11,0,0,0,1,1,2,22,40,41,3,3,3,3,3,3,3,3,3,3,3,21,20,2,1,1,25,25,25,25,25,25
25,25,25,25,25,25,18,18,18,18,18,18,18,18,18,18,18,18,18,1,1,10,11,0,0,0,25,0,0,0,10,11,1,1,25,18,14,15,14,15,14,15,18,18,18,18,18,18,18,0,18,18,17,18,18,0,18,18,16,18,18,18,18,53,25,1,1,0,0,0,0,0,1,1,2,22,4,5,3,3,3,50,3,50,3,3,3,4,5,22,20,2,1,1,25,25,25,25,25,25
25,25,25,25,25,25,18,18,18,18,18,18,18,18,18,18,18,18,18,1,1,0,0,0,7,0,25,0,0,0,0,0,1,1,25,18,18,18,18,18,18,18,18,18,18,18,18,18,18,18,18,18,16,18,18,18,18,18,17,18,50,18,50,18,25,1,1,0,0,10,11,8,1,1,2,3,40,41,3,3,22,21,21,22,21,3,3,3,3,21,20,2,1,1,25,25,25,25,25,25
25,25,25,25,25,25,14,15,14,15,14,15,0,18,18,18,18,18,18,1,1,0,12,29,0,0,25,0,0,29,0,0,1,1,25,24,23,24,18,18,18,18,18,14,15,14,15,15,18,18,18,18,17,23,24,18,18,18,16,18,18,18,18,18,25,1,1,42,43,42,42,43,1,1,2,3,3,3,3,3,22,21,22,22,22,3,3,3,3,3,3,2,1,1,25,25,25,25,25,25
25,25,25,25,25,25,15,14,15,14,15,14,0,18,18,18,18,18,25,1,1,0,13,0,0,8,25,0,0,0,12,0,1,1,25,25,25,25,25,21,22,21,22,25,25,25,25,25,25,25,25,25,25,25,25,25,25,25,25,25,25,25,25,25,25,1,1,46,47,0,46,47,1,1,2,2,2,2,2,2,36,36,36,36,36,2,2,2,2,2,2,2,1,1,25,25,25,25,25,25
25,25,25,25,25,25,23,24,23,24,18,18,18,18,18,18,18,18,25,1,1,0,0,0,0,0,25,0,8,0,13,0,1,1,1,1,1,1,1,1,1,1,1,1,1,1,1,1,1,1,1,1,1,1,1,1,1,1,1,1,1,1,1,1,1,1,1,0,0,29,0,0,1,1,1,1,1,1,1,1,1,1,1,1,1,1,1,1,1,1,1,1,1,1,25,25,25,25,25,25
25,25,25,25,25,25,24,23,24,23,18,18,18,18,18,18,18,18,25,1,1,8,0,29,0,0,25,0,0,29,0,0,1,1,1,1,1,1,1,1,1,1,1,1,1,1,1,1,1,1,1,1,1,1,1,1,1,1,1,1,1,1,1,1,1,1,1,0,7,0,0,0,1,1,1,1,1,1,1,1,1,1,1,1,1,1,1,1,1,1,1,1,1,1,25,25,25,25,25,25
25,25,25,25,25,25,25,25,25,25,18,18,18,18,25,25,25,25,25,1,1,0,0,0,0,0,25,0,0,0,10,11,0,0,0,0,0,0,0,0,0,8,0,0,0,0,7,0,0,0,0,0,0,0,7,0,12,0,0,8,0,0,0,0,0,0,0,0,0,0,0,12,0,0,0,0,0,12,0,0,0,0,0,0,0,0,0,12,0,0,0,0,10,11,48,10,11,0,0,0
25,25,25,25,25,25,1,1,1,1,1,1,1,1,1,1,1,1,1,1,1,0,0,8,0,12,0,0,0,0,0,0,0,0,0,7,0,0,0,0,0,0,0,0,0,0,0,0,0,10,11,0,0,0,0,0,13,0,0,0,10,11,12,0,0,12,0,0,0,8,0,13,0,0,0,0,0,13,0,0,0,9,0,10,11,0,0,13,0,9,0,0,0,0,49,7,0,0,0,12
25,25,25,25,25,25,1,1,1,1,1,1,1,1,1,1,1,1,1,1,1,0,0,29,0,13,0,0,0,7,0,0,0,0,28,0,0,28,0,0,28,0,0,10,11,0,28,0,12,28,0,0,28,0,0,28,0,0,28,0,0,0,13,0,28,13,0,28,0,0,28,0,0,10,11,0,28,0,0,28,0,0,28,0,0,28,0,0,28,0,8,28,0,0,10,11,0,28,0,13
0,0,0,44,44,12,8,0,0,0,0,0,0,0,0,8,0,0,0,10,11,0,0,0,0,0,0,0,0,0,0,0,0,12,0,0,0,0,0,0,8,0,0,12,0,0,0,0,13,0,0,8,0,0,0,0,0,0,0,0,0,0,0,0,7,0,0,10,11,0,0,0,0,12,0,0,0,8,0,0,0,0,0,12,0,8,0,0,0,0,0,0,0,0,48,0,0,12,7,0
0,7,0,45,45,13,0,0,10,11,0,0,0,12,0,0,0,0,0,0,0,0,0,10,11,0,8,0,0,0,0,8,0,13,0,0,0,8,7,0,0,0,0,13,0,0,7,0,0,0,0,0,10,11,0,0,7,0,0,10,11,0,0,0,0,0,0,0,0,0,0,7,0,13,0,0,0,0,10,11,0,0,0,13,0,0,0,0,10,11,0,0,12,0,49,0,0,13,0,0
0,0,28,45,10,11,0,0,0,0,0,28,0,13,28,0,0,28,0,0,28,0,0,0,0,0,0,10,11,1,1,1,1,1,1,1,1,1,1,1,1,1,1,1,1,1,1,1,1,1,1,1,1,1,1,1,1,1,1,0,0,0,8,0,0,0,8,0,0,0,0,0,0,0,0,0,8,12,0,0,0,0,0,0,0,0,7,0,0,0,0,0,13,0,25,25,25,25,25,25
8,0,0,44,44,48,0,7,0,0,0,0,0,0,0,0,0,7,0,0,0,12,0,0,7,0,0,0,0,1,1,30,30,30,30,30,30,30,30,30,30,30,30,30,30,30,30,30,30,30,30,30,30,30,30,30,30,1,1,0,0,29,0,0,0,0,0,0,9,0,43,43,42,43,43,42,9,13,43,42,43,43,42,42,42,43,0,0,0,0,0,0,0,0,25,25,25,25,25,25
0,0,0,45,45,49,0,0,0,0,0,0,0,10,11,0,0,0,0,0,0,13,0,0,0,0,0,12,0,1,32,25,25,21,22,25,25,25,25,25,25,25,25,25,25,25,0,0,0,9,0,0,8,0,0,0,0,31,1,8,0,0,0,44,1,1,1,1,1,1,1,1,1,1,1,1,1,1,1,1,1,1,1,1,1,1,1,1,1,1,1,44,0,0,25,25,25,25,25,25
25,25,25,25,25,25,0,0,0,0,0,1,1,1,1,1,1,1,1,1,1,1,1,1,0,0,29,13,0,1,32,25,3,3,3,3,3,3,3,3,25,19,19,19,3,21,0,0,12,12,12,12,12,12,12,12,9,1,1,10,11,0,0,45,1,1,30,30,30,30,30,30,30,30,30,30,30,30,30,30,30,30,30,30,30,30,30,30,30,1,1,45,0,7,25,25,25,25,25,25
25,25,25,25,25,25,0,0,12,9,7,1,1,1,1,1,1,1,1,1,1,1,1,1,0,7,0,0,0,1,32,25,3,6,3,6,3,6,3,6,25,3,3,3,20,25,0,0,13,13,13,13,13,13,13,13,0,1,1,0,12,29,0,45,1,32,0,0,0,0,0,0,0,0,3,19,19,19,19,19,3,25,0,0,0,0,0,0,0,31,1,45,0,0,25,25,25,25,25,25
25,25,25,25,25,25,0,0,13,0,0,1,1,25,25,25,25,25,25,25,25,25,1,1,0,0,0,0,0,1,32,25,3,3,3,3,3,3,3,3,25,3,25,25,25,25,0,9,0,9,7,0,9,0,7,8,0,31,1,0,13,0,0,44,1,32,0,9,0,0,0,0,0,25,3,3,3,3,3,3,20,25,0,0,0,0,9,0,0,31,1,0,0,0,25,25,25,25,25,25
25,25,25,25,25,25,9,0,0,0,0,1,1,27,22,22,19,19,19,19,3,25,1,1,12,0,29,0,0,1,32,25,25,25,2,2,25,25,25,25,25,2,2,2,2,25,0,0,0,7,0,8,0,0,0,7,0,31,1,0,9,0,0,45,1,32,0,0,0,25,0,0,0,25,3,3,3,3,3,3,20,25,0,0,0,25,0,0,0,31,1,0,10,11,25,25,25,25,25,25
25,25,25,25,25,25,0,0,29,0,0,1,1,27,21,22,3,3,3,3,20,25,1,1,13,0,0,12,0,1,32,25,2,2,2,2,2,2,2,2,2,2,2,2,2,25,9,0,12,12,12,12,12,12,12,12,0,1,1,0,0,29,0,7,1,32,40,41,0,25,9,40,41,0,25,25,25,25,25,25,25,0,40,41,0,25,0,40,41,31,1,0,0,0,25,25,25,25,25,25
25,25,25,25,25,25,0,0,7,0,0,1,1,27,22,21,3,3,3,3,20,25,1,1,0,0,0,13,0,1,32,25,2,2,2,2,2,2,2,2,2,2,2,2,2,25,0,0,13,13,13,13,13,13,13,13,9,1,1,46,47,0,46,47,1,32,0,9,0,25,0,0,0,0,0,0,0,8,0,0,0,0,0,0,0,25,0,0,0,31,1,8,0,0,25,25,25,25,25,25
25,25,25,25,25,25,12,0,0,0,0,1,1,27,21,21,3,3,3,3,20,25,1,1,0,7,29,0,0,1,32,25,2,2,2,2,2,2,2,2,2,2,2,2,2,25,0,9,9,0,8,7,0,0,0,9,0,31,1,0,0,0,8,0,1,32,40,41,0,25,0,40,41,0,0,14,15,14,15,14,0,0,40,41,0,25,0,40,41,31,1,44,0,0,25,25,25,25,25,25
25,25,25,25,25,25,13,0,29,9,0,1,1,27,21,22,3,3,3,3,20,25,1,1,0,0,0,0,9,1,32,25,2,2,2,2,2,2,2,2,2,2,2,2,2,25,0,9,9,0,0,0,0,7,0,0,0,31,1,0,10,11,0,44,1,32,0,0,0,25,0,0,0,0,27,39,39,39,39,39,27,0,7,0,0,25,0,0,0,31,1,45,0,0,25,25,25,25,25,25
25,25,25,25,25,25,0,0,10,11,0,1,1,27,22,21,3,3,3,3,20,25,1,1,0,0,0,0,0,1,32,25,2,2,25,25,25,25,25,25,25,25,25,25,25,25,8,0,12,12,12,12,12,12,12,12,8,1,1,10,11,0,0,45,1,32,40,41,0,25,8,40,41,0,27,39,39,38,39,39,27,0,40,41,0,25,0,40,41,31,1,44,0,7,25,25,25,25,25,25
25,25,25,25,25,25,0,0,0,0,0,1,1,27,21,21,3,3,3,3,20,25,1,1,0,12,29,0,0,1,32,0,0,0,0,7,0,0,0,0,0,7,0,0,0,0,0,0,13,13,13,13,13,13,13,13,0,1,1,0,0,0,0,44,1,32,0,0,0,25,0,0,7,0,27,39,38,38,38,39,27,0,0,0,0,25,0,0,0,31,1,44,0,0,25,25,25,25,25,25
25,25,25,25,25,25,0,0,29,12,0,1,1,27,22,22,3,3,3,3,3,25,1,1,0,13,0,7,0,1,32,7,0,0,7,0,0,9,0,7,0,0,9,0,0,9,0,9,0,7,0,0,8,0,0,7,0,31,1,0,0,29,0,45,1,32,40,41,8,25,0,40,41,0,27,39,39,38,39,39,27,0,40,41,0,25,0,40,41,31,1,12,9,0,25,25,25,25,25,25
25,25,25,25,25,25,0,0,0,13,0,1,1,25,25,25,25,25,25,25,25,25,1,1,0,0,0,8,0,1,32,10,11,0,10,11,8,10,11,0,10,11,0,10,11,0,0,0,9,7,0,7,0,7,8,0,0,31,1,0,0,0,0,0,1,32,0,0,0,0,0,0,0,0,27,39,39,39,39,39,27,8,0,0,0,0,9,0,0,31,1,13,0,0,25,25,25,25,25,25
25,25,25,25,25,25,7,0,0,0,0,1,1,1,1,1,1,1,1,1,1,1,1,1,0,0,29,0,7,1,1,33,33,33,33,33,33,33,33,33,33,33,33,33,33,33,33,33,33,33,33,33,33,33,33,33,33,1,1,0,12,0,0,0,1,1,33,33,33,33,33,33,33,33,33,1,1,1,1,1,33,33,33,33,33,33,33,33,33,1,1,44,0,0,25,25,25,25,25,25
25,25,25,25,25,25,9,0,29,0,0,1,1,1,1,1,1,1,1,1,1,1,1,1,0,0,0,0,0,1,1,1,1,1,1,1,1,1,1,1,1,1,1,1,1,1,1,1,1,1,1,1,1,1,1,1,1,1,1,0,13,29,0,0,1,1,1,1,1,1,1,1,1,1,1,1,1,1,1,1,1,1,1,1,1,1,1,1,1,1,1,45,0,0,25,25,25,25,25,25
25,25,25,25,25,25,0,0,0,0,0,0,0,0,0,8,0,0,12,0,0,0,0,0,10,11,0,0,0,0,0,0,0,0,0,0,0,10,11,0,0,0,0,0,0,12,0,0,8,0,0,10,11,0,0,0,9,0,0,0,0,0,9,0,48,12,8,0,0,0,7,45,0,12,0,9,0,0,10,11,0,0,12,45,0,0,9,0,0,0,0,0,0,0,12,0,0,0,7,0
25,25,25,25,25,25,0,0,10,11,0,8,0,0,0,0,0,0,13,0,7,0,0,0,0,0,0,0,0,8,0,10,11,0,0,0,0,0,0,0,0,0,0,12,0,13,0,0,0,0,0,0,0,0,0,0,9,0,0,0,0,12,0,0,49,13,0,0,0,0,0,44,0,13,0,10,11,12,0,0,0,0,13,44,0,0,0,0,0,10,11,0,0,0,13,0,10,11,0,0
25,25,25,25,25,25,0,0,0,0,0,0,0,0,28,10,11,28,0,0,28,0,0,28,12,0,28,0,0,0,0,0,0,0,8,28,12,0,28,7,0,28,0,13,8,0,0,28,0,0,28,0,0,0,12,0,0,28,0,9,28,13,0,28,0,0,28,0,0,28,0,45,28,0,0,28,0,13,28,0,7,28,0,45,28,0,0,28,0,0,28,0,0,28,10,11,28,0,0,28
25,25,25,25,25,25,0,9,0,0,0,0,0,12,0,0,0,0,0,0,0,12,0,0,13,0,0,8,0,0,0,12,0,12,0,0,13,0,0,0,0,12,0,0,0,0,0,0,10,11,0,0,0,0,13,0,8,0,0,7,0,0,0,0,0,48,12,9,0,0,0,44,9,0,12,0,0,0,0,10,11,0,0,44,0,0,10,11,0,0,0,12,0,0,48,0,12,0,9,0
25,25,25,25,25,25,42,43,42,42,43,43,43,13,0,0,0,0,9,0,0,13,0,0,0,9,0,0,0,0,0,13,0,13,0,0,0,0,0,0,0,13,0,0,7,0,0,0,0,0,7,0,0,0,0,0,0,10,11,0,0,8,0,0,7,49,13,0,0,0,8,45,42,43,13,42,43,42,43,42,43,42,43,45,0,0,0,0,0,7,0,13,0,7,49,0,13,0,0,7
25,25,25,25,25,25,42,43,42,43,42,42,43,1,1,1,1,1,1,1,1,1,1,1,1,1,1,1,0,10,11,7,0,1,1,1,1,1,1,1,1,1,1,1,1,1,1,1,1,1,1,1,0,0,29,7,0,1,1,1,1,1,1,1,1,1,1,1,1,1,1,1,1,1,1,0,0,29,0,0,0,1,1,1,1,1,1,1,1,1,1,1,1,1,25,25,25,25,25,25
25,25,25,25,25,25,0,29,0,29,0,29,0,1,1,30,30,30,30,30,30,30,30,30,30,30,1,1,0,7,0,0,0,1,1,30,30,30,30,30,30,30,30,30,1,1,30,30,30,30,1,1,0,0,0,0,0,1,1,1,1,1,1,1,1,1,1,1,1,1,1,1,1,1,1,46,47,0,46,47,0,1,1,30,30,30,1,1,30,30,30,1,1,1,25,25,25,25,25,25
25,25,25,25,25,25,12,0,9,0,0,0,0,1,32,23,23,24,23,24,23,24,23,24,23,23,31,1,0,0,29,0,0,1,32,25,25,25,21,22,25,25,25,25,21,22,25,25,25,25,31,1,42,43,42,43,42,1,1,54,55,56,57,58,59,60,61,62,63,64,65,66,25,1,1,0,9,0,0,0,8,1,32,25,25,25,1,1,25,25,25,31,1,1,25,25,25,25,25,25
25,25,25,25,25,25,13,0,0,0,12,0,8,1,32,24,23,23,23,24,23,23,23,23,24,24,31,1,0,10,11,0,0,1,32,25,25,25,3,3,25,25,25,25,22,21,25,25,25,25,31,1,0,7,29,0,0,1,1,22,3,27,27,27,27,27,27,27,27,27,18,18,25,1,1,0,0,29,0,7,0,1,32,25,0,0,0,0,0,0,25,31,1,1,25,25,25,25,25,25
25,25,25,25,25,25,0,29,0,29,13,29,0,1,1,27,27,27,27,27,27,18,18,18,18,18,31,1,0,0,0,10,11,1,32,25,25,3,3,3,3,3,3,3,3,3,3,3,25,25,31,1,0,0,12,10,11,1,1,22,3,27,27,27,27,27,27,27,27,27,18,18,25,1,1,0,10,11,0,0,44,1,32,25,0,0,7,0,35,0,25,31,1,1,25,25,25,25,25,25
25,25,25,25,25,25,0,9,0,8,0,0,12,1,1,27,27,27,27,27,27,18,18,18,18,18,31,1,0,0,29,0,48,1,1,21,22,3,3,3,3,3,3,3,3,3,3,3,25,25,31,1,9,0,13,0,0,1,1,25,25,25,25,25,25,25,25,25,25,25,18,18,25,1,1,0,0,0,0,12,45,1,32,25,35,35,0,35,35,0,25,31,1,1,25,25,25,25,25,25
25,25,25,25,25,25,0,0,0,0,0,0,13,1,32,18,18,18,18,18,18,18,18,18,18,18,31,1,12,0,7,0,49,1,1,21,22,3,4,5,3,3,3,3,3,3,3,3,25,25,31,1,0,0,29,0,0,1,1,25,0,0,0,0,0,0,0,0,9,0,18,18,25,1,1,9,0,29,0,13,44,1,32,25,35,0,0,35,0,0,25,31,1,1,25,25,25,25,25,25
25,25,25,25,25,25,0,12,0,29,0,29,0,1,32,18,50,18,18,50,18,18,15,14,15,14,31,1,13,0,0,10,11,1,32,25,25,3,3,3,3,3,3,3,3,3,3,3,25,25,31,1,12,0,0,7,8,1,1,25,0,7,14,14,15,14,15,14,15,0,18,18,25,1,1,0,0,0,8,0,44,1,32,25,0,0,0,0,0,7,25,31,1,1,25,25,25,25,25,25
25,25,25,25,25,25,0,13,0,0,10,11,0,1,32,18,18,18,18,18,18,18,18,18,18,18,31,1,0,0,29,0,0,1,32,25,25,3,3,3,3,3,3,3,3,3,3,3,25,25,31,1,13,0,0,0,0,1,1,25,0,0,0,0,0,0,0,0,0,0,18,18,25,1,1,12,9,10,11,0,44,1,32,25,0,0,0,35,0,0,25,31,1,1,25,25,25,25,25,25
25,25,25,25,25,25,0,0,8,0,0,0,0,1,32,18,18,18,18,18,18,18,15,14,15,14,31,1,0,8,7,0,0,1,32,25,25,3,3,3,3,3,3,3,3,4,5,3,21,22,1,1,0,7,29,0,0,1,1,25,0,0,0,0,0,7,0,0,0,0,18,18,25,1,1,13,0,29,0,0,45,1,32,25,0,9,35,35,35,0,25,31,1,1,25,25,25,25,25,25
25,25,25,25,25,25,0,29,0,29,0,29,0,1,32,18,50,18,18,50,18,18,18,18,18,18,31,1,0,0,0,12,0,1,32,25,25,3,3,3,3,3,3,3,3,3,3,3,21,22,1,1,0,0,0,10,11,1,1,25,0,0,14,14,15,14,15,14,15,0,18,18,25,1,1,0,0,0,0,0,0,1,32,25,0,0,0,0,0,0,25,31,1,1,25,25,25,25,25,25
25,25,25,25,25,25,0,0,0,12,0,0,9,1,32,18,18,18,18,18,18,18,15,14,15,14,31,1,0,0,29,13,0,1,32,25,25,25,25,25,25,3,3,25,25,25,25,25,25,25,31,1,0,10,11,0,0,1,1,25,0,9,0,0,0,0,0,0,0,0,18,18,25,1,1,0,0,0,0,0,45,1,32,25,0,35,35,0,0,0,25,31,1,1,25,25,25,25,25,25
25,25,25,25,25,25,9,0,0,13,0,0,0,1,32,18,18,18,18,18,18,18,18,18,18,18,31,1,7,0,0,0,0,1,32,25,25,25,25,25,25,21,22,25,25,25,25,25,25,25,31,1,0,0,0,8,0,1,1,25,25,25,25,25,25,25,25,25,25,25,31,32,25,1,1,0,0,12,0,0,45,1,32,25,0,0,35,35,0,7,25,31,1,1,25,25,25,25,25,25
25,25,25,25,25,25,0,29,0,29,0,29,0,1,32,18,50,18,18,50,18,18,14,15,14,15,31,1,0,0,10,11,0,1,1,33,33,33,33,33,33,33,33,33,33,33,33,33,33,33,1,1,46,47,29,46,47,1,1,1,1,1,1,1,1,1,1,1,1,1,1,1,1,1,1,0,0,13,0,0,44,1,32,25,0,0,7,0,0,0,25,31,1,1,25,25,25,25,25,25
25,25,25,25,25,25,10,11,0,0,0,10,11,1,32,18,18,18,18,18,18,18,18,18,18,18,31,1,0,0,29,0,0,1,1,1,1,1,1,1,1,1,1,1,1,1,1,1,1,1,1,1,42,43,42,43,42,1,1,1,1,1,1,1,1,1,1,1,1,1,1,1,1,1,1,0,0,10,11,0,0,1,32,25,0,0,0,0,35,0,25,31,1,1,25,25,25,25,25,25
25,25,25,25,25,25,0,0,0,0,0,0,0,1,32,18,18,18,18,18,18,18,18,18,18,18,31,1,12,0,0,0,0,0,0,0,0,0,0,0,0,0,0,0,0,0,10,11,0,0,12,0,0,0,0,0,0,0,48,0,0,0,0,7,0,0,0,0,0,7,10,11,0,45,44,44,9,0,0,0,45,1,32,25,35,35,0,0,35,35,25,31,1,1,25,25,25,25,25,25
25,25,25,25,25,25,12,29,0,29,12,29,0,1,32,18,50,18,18,18,27,27,27,27,27,27,1,1,13,0,0,0,0,7,0,0,0,0,0,8,0,12,0,0,8,0,0,0,12,0,13,0,9,0,10,11,0,0,49,0,0,9,0,0,12,10,11,0,0,0,0,0,0,44,45,44,0,0,0,0,44,1,32,25,0,35,35,0,0,8,25,31,1,1,25,25,25,25,25,25
25,25,25,25,25,25,13,0,0,0,13,9,0,1,32,18,18,18,18,18,27,27,27,27,27,27,1,1,0,0,8,0,0,0,28,0,0,28,0,0,28,13,0,28,10,11,0,0,13,0,0,28,0,0,28,0,0,28,0,0,28,0,0,28,13,0,28,0,0,28,0,0,28,44,44,44,0,0,0,0,0,1,32,25,9,0,0,0,0,0,25,31,1,1,25,25,25,25,25,25
25,25,25,25,25,25,0,9,8,0,0,0,0,1,32,23,24,23,24,23,24,23,23,24,23,24,31,1,0,0,0,0,0,0,0,0,0,10,11,0,0,0,7,0,0,0,0,0,0,12,0,0,0,0,0,0,0,0,48,0,0,10,11,0,0,0,8,0,0,12,0,0,0,44,45,44,0,0,10,11,0,1,32,25,0,0,0,0,35,35,25,31,1,1,25,25,25,25,25,25
25,25,25,25,25,25,0,29,0,29,0,29,0,1,1,33,33,33,33,33,33,33,33,33,33,33,1,1,0,0,10,11,0,0,8,0,0,0,0,0,0,0,0,0,8,0,8,0,0,13,0,7,8,0,0,0,8,0,49,0,0,9,0,0,0,12,0,0,0,13,0,9,0,45,44,45,0,0,0,0,0,1,32,25,35,35,35,0,0,35,25,31,1,1,25,25,25,25,25,25
25,25,25,25,25,25,43,42,43,46,47,43,42,1,1,1,1,1,1,1,1,1,1,1,1,1,1,1,0,0,29,0,0,1,1,1,1,1,1,1,1,1,1,1,1,1,1,1,1,1,1,1,1,1,1,1,1,1,1,1,1,1,1,1,0,13,29,0,45,1,1,1,1,1,1,1,0,0,29,0,45,1,32,25,0,0,0,0,7,0,25,31,1,1,25,25,25,25,25,25
25,25,25,25,25,25,42,42,46,47,43,42,43,0,10,11,0,0,0,9,0,0,0,0,0,0,7,0,7,0,0,9,0,1,1,1,1,1,1,1,1,1,1,1,1,1,1,1,1,1,1,1,1,1,1,1,1,1,1,1,1,1,1,1,0,0,0,0,45,1,10,11,0,0,0,1,0,0,0,0,44,1,32,25,25,25,1,1,25,25,25,31,1,1,25,25,25,25,25,25
25,25,25,25,25,25,10,11,0,0,9,0,0,12,0,0,0,0,0,0,12,0,0,10,11,0,0,0,0,0,0,0,0,1,1,25,25,25,25,25,25,25,25,25,18,18,18,18,18,54,55,56,57,58,59,60,61,62,63,64,65,66,1,1,0,0,0,0,44,1,0,0,0,10,11,1,0,0,0,0,44,1,1,33,33,33,1,1,33,33,33,1,1,1,25,25,25,25,25,25
25,25,25,25,25,25,0,0,0,0,0,0,0,13,0,28,0,0,28,0,13,28,0,0,28,0,0,28,0,0,29,0,0,1,1,25,18,18,18,18,18,18,18,18,18,18,18,18,18,18,18,18,18,18,18,18,25,19,19,19,19,25,1,1,0,0,29,0,44,1,0,7,0,0,8,1,45,0,29,0,45,1,1,1,1,1,1,1,1,1,1,1,1,1,25,25,25,25,25,25
25,25,25,25,25,25,0,8,0,0,0,0,0,7,0,0,0,0,0,0,0,0,0,10,11,0,0,0,0,0,0,0,8,1,1,25,18,18,18,18,18,18,18,18,18,18,18,18,18,18,18,18,18,18,18,18,25,3,3,3,20,25,1,1,0,0,0,0,44,1,10,11,0,0,0,1,45,0,0,0,0,2,2,2,2,2,2,2,2,2,2,2,2,2,25,25,25,25,25,25
25,25,25,25,25,25,0,0,0,10,11,0,0,0,0,0,0,10,11,0,8,0,0,0,0,0,0,0,9,0,0,0,0,1,1,25,18,18,18,18,18,18,18,18,18,18,18,18,18,18,18,18,18,18,18,18,25,3,3,3,20,25,1,1,0,0,0,0,44,1,0,0,0,10,11,1,44,12,12,0,0,2,2,2,2,2,2,2,2,2,2,2,2,2,25,25,25,25,25,25
25,25,25,25,25,25,0,29,0,29,0,29,0,1,1,1,1,1,1,1,1,1,1,1,1,1,1,1,0,0,29,9,0,1,1,25,18,18,18,18,18,18,18,18,18,18,18,18,18,18,18,18,18,18,18,18,25,21,22,25,25,25,1,1,0,0,29,0,45,1,0,0,7,0,0,1,45,13,13,43,43,2,2,2,2,42,43,43,42,43,42,43,42,43,25,25,25,25,25,25
25,25,25,25,25,25,0,0,0,0,0,0,0,1,1,30,30,1,1,1,1,1,1,1,30,30,1,1,0,0,0,0,0,1,1,25,18,18,18,18,18,18,18,18,18,18,18,18,18,18,18,18,18,18,18,18,18,18,18,18,18,25,1,1,0,0,0,0,0,1,10,11,0,0,0,1,44,46,47,46,47,2,2,2,2,45,42,42,43,42,43,42,43,42,25,25,25,25,25,25
25,25,25,25,25,25,8,0,12,0,0,8,0,1,32,3,3,21,21,22,21,21,22,22,3,3,31,1,0,8,0,0,12,1,1,25,0,0,21,22,0,14,15,15,0,0,18,18,0,18,18,0,18,18,0,18,18,0,18,18,18,25,1,1,0,0,0,0,0,1,0,0,0,10,11,1,45,42,43,42,42,2,2,2,2,44,45,1,1,1,1,1,1,1,37,37,0,0,0,0
25,25,25,25,25,25,0,29,13,29,0,29,0,1,32,3,3,21,22,22,21,22,22,22,3,3,31,1,0,0,29,0,13,1,1,25,3,3,22,22,3,3,3,3,3,16,18,18,16,18,18,16,18,18,16,18,18,16,23,24,18,25,1,1,0,0,29,0,0,1,7,0,8,0,0,1,44,0,29,0,0,2,2,2,2,45,44,1,1,1,1,1,1,1,37,37,0,28,0,28
25,25,25,25,25,25,0,0,0,0,0,10,11,1,32,3,3,3,3,3,3,3,3,3,3,3,31,1,0,10,11,0,0,1,1,25,3,6,3,3,3,3,50,3,3,17,18,18,17,18,18,17,18,18,17,18,18,16,18,18,18,25,1,1,0,0,0,0,7,1,10,11,0,0,8,1,44,7,0,0,0,2,2,2,2,44,45,1,30,30,30,1,1,1,37,37,0,0,0,0
25,25,25,25,25,25,0,0,0,9,0,0,0,1,32,3,3,2,2,2,2,2,2,2,2,2,31,1,0,0,0,0,0,1,1,25,3,3,3,3,6,3,3,3,3,16,18,18,16,18,18,16,18,18,16,18,18,17,18,18,18,25,1,1,0,9,0,0,0,1,0,0,0,10,11,1,45,0,0,0,0,2,2,2,2,45,44,32,34,34,34,36,36,36,25,25,25,25,25,25
25,25,25,25,25,25,0,29,0,29,0,29,0,1,32,22,3,2,0,0,0,8,0,0,3,3,31,1,0,0,29,0,0,1,1,25,3,3,50,3,3,3,3,3,3,17,18,18,17,18,18,17,23,24,16,18,18,16,18,18,18,25,1,1,0,0,29,0,0,1,0,0,8,0,0,1,44,0,29,0,0,2,2,2,2,45,45,32,34,34,34,36,36,36,25,25,25,25,25,25
25,25,25,25,25,25,0,0,0,0,10,11,0,1,32,21,3,2,9,0,0,0,0,0,3,21,31,1,9,0,0,0,7,1,1,25,54,55,56,57,58,59,60,61,62,63,64,65,66,25,25,25,25,25,25,25,25,25,25,25,25,25,1,1,0,0,0,7,0,1,10,11,0,0,0,1,45,0,0,7,9,2,2,2,2,45,45,32,34,34,34,2,2,35,25,25,25,25,25,25
25,25,25,25,25,25,10,11,0,0,0,0,0,1,32,22,3,2,0,0,7,0,0,0,3,22,31,1,0,0,0,0,0,1,1,1,1,1,1,1,1,1,1,1,1,1,1,1,1,1,1,1,1,1,1,1,1,1,1,1,1,1,1,1,0,0,0,0,0,1,0,0,0,10,11,1,44,0,0,0,0,2,2,2,2,45,0,32,34,34,34,2,2,2,25,25,25,25,25,25
25,25,25,25,25,25,0,29,0,29,0,29,0,1,32,22,3,2,0,0,0,0,0,2,3,21,31,1,0,0,29,0,0,1,1,1,1,1,1,1,1,1,1,1,1,1,1,1,1,1,1,1,1,1,1,1,1,1,1,1,1,1,1,1,0,0,29,0,0,1,1,1,1,1,1,1,45,0,29,0,0,2,2,2,2,0,7,32,34,34,34,35,2,2,25,25,25,25,25,25
25,25,25,25,25,25,0,7,12,0,0,0,0,1,32,3,3,0,8,0,0,7,0,2,3,22,31,1,0,0,0,0,0,0,0,0,0,0,0,7,0,12,10,11,0,7,0,0,0,10,11,0,7,0,0,0,10,11,0,0,7,0,0,12,0,7,0,0,0,48,44,44,0,9,0,0,0,0,0,0,0,0,12,0,0,44,45,1,33,33,33,2,2,2,25,25,25,25,25,25
25,25,25,25,25,25,0,0,13,0,0,0,9,1,32,3,3,0,0,0,0,0,0,2,3,3,31,1,12,0,0,0,0,8,0,0,12,0,0,0,0,13,0,0,0,0,0,0,0,0,0,0,0,0,0,0,12,0,0,0,0,0,0,13,0,0,0,0,0,49,45,44,0,10,11,0,0,0,0,0,0,0,13,0,0,44,45,1,30,30,30,2,2,2,25,25,25,25,25,25
25,25,25,25,25,25,0,29,0,29,10,11,0,1,32,3,3,0,0,0,0,0,0,2,3,3,31,1,13,0,29,10,11,28,0,0,13,0,0,28,0,0,28,0,0,28,0,0,28,0,0,28,0,0,28,12,13,28,0,0,28,0,0,28,0,0,0,8,0,28,44,45,28,0,0,28,0,10,11,0,0,28,0,7,28,45,44,32,34,34,34,35,35,2,25,25,25,25,25,25
25,25,25,25,25,25,0,12,0,0,0,0,0,1,32,2,2,2,2,2,2,2,2,2,3,3,31,1,0,7,0,0,0,0,0,8,10,11,0,0,0,8,0,12,0,8,0,0,12,0,0,0,0,0,0,13,0,0,0,10,11,0,0,0,7,0,0,0,0,48,45,44,7,0,0,0,7,0,12,0,8,0,0,0,0,45,45,32,34,34,34,2,35,35,25,25,25,25,25,25
25,25,25,25,25,25,0,13,7,0,0,8,0,1,32,3,3,3,3,4,5,3,3,3,3,3,31,1,0,0,0,8,0,0,0,0,0,0,0,10,11,0,0,13,0,0,0,0,13,0,0,0,8,0,0,10,11,0,0,0,0,0,0,0,0,0,0,0,0,49,44,44,0,10,11,0,0,0,13,0,0,0,10,11,0,45,44,32,34,34,34,2,2,2,25,25,25,25,25,25
25,25,25,25,25,25,0,29,0,29,0,29,0,1,32,3,3,22,21,22,21,22,21,21,3,3,31,1,0,0,29,0,0,1,1,1,1,1,1,1,1,1,1,1,1,1,1,1,1,1,0,0,29,0,12,2,2,2,2,2,2,2,2,2,2,2,2,2,2,2,2,2,2,2,2,2,2,2,2,2,2,2,2,2,2,44,45,32,34,34,34,2,2,2,25,25,25,25,25,25
25,25,25,25,25,25,0,0,0,0,10,11,0,1,32,3,3,21,21,21,22,22,22,22,3,3,31,1,0,0,0,0,0,1,1,30,30,30,30,30,30,30,30,30,30,30,30,30,1,1,0,0,0,0,13,2,2,2,2,2,2,2,2,2,2,2,2,2,2,2,2,2,2,2,2,2,2,2,2,2,2,2,2,2,2,1,1,32,34,34,34,35,2,2,25,25,25,25,25,25
25,25,25,25,25,25,0,10,11,0,0,0,0,1,1,33,33,1,1,1,1,1,1,1,33,33,1,1,0,7,0,0,8,1,32,54,55,56,57,58,59,60,61,62,63,64,65,66,31,1,0,12,0,0,0,2,2,2,1,1,30,30,30,30,30,30,1,1,1,30,30,30,30,30,30,30,30,30,30,30,30,30,30,30,30,1,1,32,34,34,34,2,2,2,25,25,25,25,25,25
25,25,25,25,25,25,0,29,0,29,0,29,0,1,1,1,1,1,1,1,1,1,1,1,1,1,1,1,0,0,29,0,0,1,32,14,15,14,15,14,0,18,18,18,18,18,18,25,31,1,0,13,29,0,0,2,2,2,1,32,34,34,34,34,34,34,31,1,32,34,34,34,34,34,34,34,34,34,34,34,34,34,34,34,34,35,35,35,2,2,2,2,2,35,25,25,25,25,25,25
0,7,0,12,0,7,10,11,0,7,0,0,0,48,0,0,0,0,12,0,0,0,0,0,0,8,0,0,12,0,0,0,0,1,1,27,27,18,18,18,18,18,18,18,17,18,18,25,31,1,0,0,0,0,0,2,2,2,1,32,34,34,34,34,34,34,31,1,32,34,34,34,34,34,34,34,34,34,34,34,34,34,34,34,34,2,2,2,2,2,2,2,2,2,25,25,25,25,25,25
0,0,0,13,0,48,44,7,0,0,0,0,0,49,0,0,10,11,13,0,0,7,0,0,0,0,0,0,13,0,0,0,12,1,1,27,27,18,18,18,18,0,15,14,16,18,18,25,31,1,0,0,0,10,11,2,2,2,1,32,34,34,34,34,34,34,31,1,32,34,34,34,34,34,34,34,34,34,34,34,34,34,34,34,34,2,2,35,35,2,35,35,2,2,25,25,25,25,25,25
0,28,0,0,28,49,44,0,0,8,0,7,0,0,28,0,0,28,0,0,28,0,0,10,11,0,28,0,0,0,0,0,13,1,1,27,27,18,18,18,18,18,18,18,17,18,18,25,31,1,0,8,29,0,0,2,2,2,1,1,37,37,2,35,2,2,2,2,2,35,35,35,2,2,2,2,2,35,35,2,2,35,2,2,2,2,2,35,35,2,2,35,35,2,25,25,25,25,25,25
7,12,0,0,0,12,44,0,0,0,0,0,0,48,0,7,0,0,0,0,7,0,0,0,0,12,0,7,0,0,7,0,0,1,32,15,14,14,15,14,0,18,18,18,18,18,18,25,31,1,0,0,0,0,0,2,2,2,1,1,37,37,2,2,2,2,2,2,2,35,2,2,2,2,35,2,2,2,35,2,2,2,2,2,2,2,2,2,2,2,2,2,2,2,25,25,25,25,25,25
0,13,10,11,8,13,45,0,8,12,0,0,8,49,0,0,0,10,11,0,0,0,8,0,0,13,0,0,0,0,0,0,0,1,32,25,25,25,25,25,25,25,25,25,25,25,25,25,31,1,0,0,0,0,7,2,2,2,1,1,37,37,2,2,2,35,35,35,35,2,2,2,2,2,35,35,2,2,2,2,35,35,35,2,2,35,2,2,2,35,35,2,2,2,25,25,25,25,25,25
25,25,25,25,25,25,44,46,47,13,46,47,12,25,25,25,25,25,25,25,25,25,25,25,25,25,25,25,25,25,25,25,25,25,25,25,25,25,25,25,25,25,25,25,25,25,25,25,25,25,10,11,46,47,12,25,25,25,25,25,25,25,25,25,25,25,25,25,25,25,54,55,56,57,58,59,60,61,62,25,25,25,25,25,25,25,25,25,25,25,25,25,25,25,25,25,25,25,25,25
25,25,25,25,25,25,45,29,0,29,0,29,13,25,25,25,25,25,25,25,25,25,25,25,25,25,25,25,25,25,25,25,25,25,25,25,25,25,25,25,25,25,25,25,25,25,25,25,25,25,0,0,0,0,13,25,25,25,25,25,25,25,25,25,25,25,25,25,25,25,25,63,64,65,66,25,25,25,25,25,25,25,25,25,25,25,25,25,25,25,25,25,25,25,25,25,25,25,25,25
25,25,25,25,25,25,45,8,0,0,0,0,0,25,25,25,25,25,25,25,25,25,25,25,25,25,25,25,25,25,25,25,25,25,25,25,25,25,25,25,25,25,25,25,25,25,25,25,25,25,7,0,0,0,0,25,25,25,25,25,25,25,25,25,25,25,25,25,25,25,25,25,25,25,25,25,25,25,25,25,25,25,25,25,25,25,25,25,25,25,25,25,25,25,25,25,25,25,25,25
25,25,25,25,25,25,44,0,0,7,0,0,0,25,25,25,25,25,25,25,25,25,25,25,25,25,25,25,25,25,25,25,25,25,25,25,25,25,25,25,25,25,25,25,25,25,25,25,25,25,0,0,29,8,0,25,25,25,25,25,25,25,25,25,25,25,25,25,25,25,25,25,25,25,25,25,25,25,25,25,25,25,25,25,25,25,25,25,25,25,25,25,25,25,25,25,25,25,25,25
25,25,25,25,25,25,44,29,0,29,0,29,0,25,25,25,25,25,25,25,25,25,25,25,25,25,25,25,25,25,25,25,25,25,25,25,25,25,25,25,25,25,25,25,25,25,25,25,25,25,0,0,0,0,0,25,25,25,25,25,25,25,25,25,25,25,25,25,25,25,25,25,25,25,25,25,25,25,25,25,25,25,25,25,25,25,25,25,25,25,25,25,25,25,25,25,25,25,25,25
25,25,25,25,25,25,44,7,0,0,0,0,8,25,25,25,25,25,25,25,25,25,25,25,25,25,25,25,25,25,25,25,25,25,25,25,25,25,25,25,25,25,25,25,25,25,25,25,25,25,7,0,0,0,7,25,25,25,25,25,25,25,25,25,25,25,25,25,25,25,25,25,25,25,25,25,25,25,25,25,25,25,25,25,25,25,25,25,25,25,25,25,25,25,25,25,25,25,25,25
}

collision {
(1408,2112),(1408,2144),(1152,2144),(1152,2464),(1440,2464),(1440,2336),(1280,2336),(1280,2304),(1472,2304),(1472,2464),(1536,2464),(1536,2304),(1568,2304),(1568,2464),(1632,2464),(1632,2304),(1664,2304),(1664,2448),(1728,2448),(1728,2304),(1760,2304),(1760,2464),(1824,2464),(1824,2304),(1856,2304),(1856,2464),(1952,2464),(1952,2272),(1888,2272),(1888,2240),(1920,2240),(1920,2176),(1952,2176),(1952,2160),(1824,2160),(1824,2272),(1792,2272),(1792,2144),(1568,2144),(1568,2112),(1984,2112),(1984,2496),(1120,2496),(1120,2112),(1408,2112)
(1728,1600),(1760,1600),(1760,1568),(1824,1568),(1824,1536),(1728,1536),(1728,1600)
(1664,1696),(1696,1696),(1696,1632),(1664,1632),(1664,1696)
(1792,1920),(1792,1952),(1728,1952),(1728,1920),(1792,1920)
(1632,1888),(1632,1952),(1600,1952),(1600,1888),(1632,1888)
(1472,1952),(1472,1984),(1408,1984),(1408,1952),(1472,1952)
(1344,1920),(1344,1984),(1312,1984),(1312,1920),(1344,1920)
(1248,1984),(1248,2016),(1184,2016),(1184,1984),(1248,1984)
(1152,2336),(1216,2336),(1216,2304),(1152,2304),(1152,2336)
(192,3008),(3008,3008),(3008,192),(192,192),(192,3008)
(1824,928),(1824,864),(1824,928)
(1824,1056),(1824,992),(1824,1056)
(1376,1184),(1376,1152),(1440,1152),(1440,1184),(1376,1184)
(1280,1184),(1280,1152),(1344,1152),(1344,1184),(1280,1184)
(1184,1184),(1184,1152),(1248,1152),(1248,1184),(1184,1184)
(1088,1184),(1088,1152),(1152,1152),(1152,1184),(1088,1184)
(992,1184),(992,1152),(1056,1152),(1056,1184),(992,1184)
(1792,800),(1792,864),(1536,864),(1536,800),(1792,800)
(1792,928),(1792,992),(1536,992),(1536,928),(1792,928)
(1792,1056),(1792,1120),(1536,1120),(1536,1056),(1792,1056)
(1760,1312),(1760,1376),(1728,1376),(1728,1312),(1760,1312)
(1696,1248),(1696,1280),(1632,1280),(1632,1248),(1696,1248)
(1600,1344),(1600,1376),(1536,1376),(1536,1344),(1600,1344)
(1472,1248),(1472,1312),(1440,1312),(1440,1248),(1472,1248)
(1408,1280),(1408,1344),(1376,1344),(1376,1280),(1408,1280)
(1248,1248),(1248,1280),(1184,1280),(1184,1248),(1248,1248)
(1344,1344),(1344,1408),(1312,1408),(1312,1344),(1344,1344)
(1152,1312),(1152,1376),(1184,1376),(1184,1312),(1184,1312),(1152,1312)
(1056,1408),(1088,1408),(1088,1344),(1056,1344),(1056,1408)
(992,1440),(928,1440),(928,1408),(1024,1408),(1024,1344),(992,1344),(992,1440)
(928,1600),(928,1664),(896,1664),(896,1600),(928,1600)
(1056,1632),(1056,1664),(992,1664),(992,1632),(1056,1632)
(1024,1728),(1024,1792),(992,1792),(992,1728),(1024,1728)
(1024,1824),(1024,1856),(960,1856),(960,1824),(1024,1824)
(928,1888),(928,1952),(896,1952),(896,1888),(928,1888)
(1024,2016),(1024,2048),(960,2048),(960,2016),(1024,2016)
(1824,768),(1472,768),(1472,800),(1120,800),(1120,768),(1824,768),(1824,800),(1824,768)
(1472,1088),(1088,1088),(1088,1056),(1440,1056),(1440,896),(1344,896),(1344,864),(1440,864),(1440,832),(1472,832),(1472,1088)
(1312,800),(1312,928),(1152,928),(1152,896),(1280,896),(1280,800),(1312,800)
(992,768),(992,1088),(1024,1088),(1024,928),(1088,928),(1088,896),(1024,896),(1024,800),(1056,800),(1056,768),(992,768)
(992,1184),(1824,1184),(1824,1120),(1824,1184),(992,1184),(992,1088),(992,1184)
(2112,1184),(2400,1184),(2112,1184),(2112,832),(2848,832),(2848,1184),(2560,1184),(2848,1184),(2848,832),(2112,832),(2112,1184)
(2560,992),(2560,1024),(2400,1024),(2400,992),(2560,992)
(2592,960),(2368,960),(2368,928),(2368,960),(2592,960),(2592,864),(2592,960)
(2368,928),(2368,864),(2336,864),(2336,928),(2368,928)
(2624,928),(2624,832),(2592,832),(2592,928),(2368,928),(2624,928)
(2208,1152),(2240,1152),(2240,896),(2208,896),(2208,1152)
(2752,896),(2752,1152),(2720,1152),(2720,896),(2752,896)
(2368,1024),(2592,1024),(2368,1024)
(2368,1248),(2368,1312),(2336,1312),(2336,1248),(2368,1248)
(2400,1344),(2400,1408),(2368,1408),(2368,1344),(2400,1344)
(2560,1280),(2560,1248),(2496,1248),(2496,1344),(2464,1344),(2464,1312),(2400,1312),(2400,1312),(2400,1280),(2560,1280)
(2592,1344),(2592,1376),(2528,1376),(2528,1344),(2592,1344)
(2656,1248),(2656,1312),(2624,1312),(2624,1248),(2656,1248)
(1760,1792),(1696,1792),(1696,1760),(1824,1760),(1824,1728),(1760,1728),(1760,1792)
(1536,1888),(1536,1984),(1600,1984),(1600,2048),(1568,2048),(1568,1920),(1472,1920),(1472,1888),(1536,1888)
(992,1568),(992,1504),(928,1504),(928,1536),(1056,1536),(1056,1568),(992,1568)
(480,1536),(672,1536),(480,1536)
(480,1472),(832,1472),(832,1920),(640,1920),(832,1920),(832,1472),(480,1472),(480,1536),(480,1472)
(480,1600),(672,1600),(480,1600)
(480,2016),(480,1600),(480,2016)
(480,1984),(832,1984),(832,2016),(480,2016),(480,1984)
(832,1696),(704,1696),(704,1728),(832,1728),(832,1760),(704,1760),(704,1792),(832,1792),(832,1824),(704,1824),(704,1856),(832,1856),(832,1664),(704,1664),(704,1632),(832,1632),(832,1696)
(544,1632),(544,1664),(512,1664),(512,1632),(544,1632)
(640,1632),(640,1664),(608,1664),(608,1632),(640,1632)
(640,1728),(640,1760),(608,1760),(608,1728),(640,1728)
(544,1728),(544,1760),(512,1760),(512,1728),(544,1728)
(544,1824),(544,1856),(512,1856),(512,1824),(544,1824)
(640,1824),(640,1856),(608,1856),(608,1824),(640,1824)
(544,1920),(544,1952),(512,1952),(512,1920),(544,1920)
(2880,1504),(2880,2080),(2816,2080),(2880,2080),(2880,1504),(2816,1504),(2880,1504)
(2688,1504),(2688,2080),(2752,2080),(2688,2080),(2688,1504),(2752,1504),(2688,1504)
(2688,1504),(2688,2080),(2752,2080),(2752,2112),(2656,2112),(2656,1472),(2752,1472),(2752,1504),(2688,1504)
(2880,1504),(2880,2080),(2816,2080),(2816,2112),(2912,2112),(2912,1472),(2816,1472),(2816,1504),(2880,1504)
(1088,480),(1088,192),(2080,192),(2080,480),(1376,480),(1376,416),(1536,416),(1536,448),(1664,448),(1664,320),(1696,320),(1696,432),(1760,432),(1760,448),(1856,448),(1856,320),(1888,320),(1888,448),(2048,448),(2048,256),(1792,256),(1792,384),(1760,384),(1760,256),(1728,256),(1728,288),(1632,288),(1632,256),(1600,256),(1600,384),(1568,384),(1568,256),(1408,256),(1408,288),(1152,288),(1152,256),(1120,256),(1120,432),(1216,432),(1216,448),(1248,448),(1248,480),(1088,480)
(1536,320),(1536,352),(1376,352),(1376,320),(1536,320)
(1344,352),(1344,384),(1152,384),(1152,352),(1344,352)
(1952,288),(1952,320),(1920,320),(1920,288),(1952,288)
(2016,288),(2016,320),(1984,320),(1984,288),(2016,288)
(1952,384),(1952,416),(1920,416),(1920,384),(1952,384)
(2016,384),(2016,416),(1984,416),(1984,384),(2016,384)
(2688,1632),(2720,1632),(2720,1600),(2752,1600),(2752,1568),(2688,1568),(2688,1632)
(2816,1568),(2816,1536),(2848,1536),(2848,1600),(2816,1600),(2816,1632),(2784,1632),(2784,1568),(2816,1568)
(2752,1696),(2784,1696),(2784,1664),(2816,1664),(2816,1696),(2848,1696),(2848,1728),(2752,1728),(2752,1696)
(2784,1760),(2784,1792),(2816,1792),(2816,1824),(2752,1824),(2752,1792),(2720,1792),(2720,1760),(2784,1760)
(2816,1920),(2816,1856),(2848,1856),(2848,1888),(2880,1888),(2880,1920),(2816,1920)
(2720,1920),(2688,1920),(2688,1888),(2752,1888),(2752,1920),(2784,1920),(2784,1952),(2720,1952),(2720,1920)
(2688,2048),(2784,2048),(2784,2016),(2688,2016),(2688,2048)
(2880,1984),(2816,1984),(2816,2016),(2848,2016),(2848,2048),(2880,2048),(2880,1984)
(2304,1504),(2304,1824),(2336,1824),(2336,1472),(1888,1472),(1888,1504),(2304,1504)
(1920,1600),(1920,1792),(2240,1792),(2240,1824),(1888,1824),(1888,1568),(2240,1568),(2240,1600),(1920,1600)
(1984,1760),(1984,1728),(2208,1728),(2208,1760),(1984,1760)
(1984,1632),(2208,1632),(2208,1664),(1984,1664),(1984,1632)
(1888,1408),(1888,1376),(1824,1376),(1824,1408),(1888,1408)
(832,2784),(768,2784),(832,2784),(832,2592),(832,2784)
(832,2432),(576,2432),(576,2560),(544,2560),(544,2400),(832,2400),(832,2464),(832,2432)
(832,2304),(768,2304),(832,2304),(832,2400),(832,2304)
(480,2304),(480,2432),(480,2304),(544,2304),(480,2304)
(480,2784),(544,2784),(480,2784),(480,2656),(736,2656),(736,2528),(768,2528),(768,2688),(480,2688),(480,2560),(480,2784)
(736,2176),(800,2176),(800,2208),(736,2208),(736,2176)
(800,2112),(800,2144),(736,2144),(736,2112),(800,2112)
(1024,2368),(1056,2368),(1056,2304),(1024,2304),(1024,2368)
(928,2368),(928,2400),(992,2400),(992,2368),(928,2368)
(544,2240),(544,2208),(608,2208),(608,2240),(544,2240)
(640,2112),(672,2112),(672,2176),(640,2176),(640,2112)
(416,2112),(416,2176),(448,2176),(448,2080),(512,2080),(512,2112),(416,2112)
(192,2144),(192,2112),(256,2112),(256,2144),(192,2144)
(352,2208),(352,2240),(288,2240),(288,2208),(352,2208)
(288,2304),(288,2368),(256,2368),(256,2304),(288,2304)
(416,2368),(416,2400),(352,2400),(352,2368),(416,2368)
(384,2464),(384,2496),(320,2496),(320,2464),(384,2464)
(192,2528),(192,2496),(256,2496),(256,2528),(192,2528)
(288,2560),(288,2624),(256,2624),(256,2560),(288,2560)
(384,2624),(384,2656),(320,2656),(320,2624),(384,2624)
(256,2656),(256,2720),(224,2720),(224,2656),(256,2656)
(384,2752),(384,2784),(320,2784),(320,2752),(384,2752)
(224,2816),(224,2784),(288,2784),(288,2816),(224,2816)
(576,2880),(576,2848),(608,2848),(608,2912),(512,2912),(512,2880),(576,2880)
(608,3008),(608,2976),(544,2976),(544,3008),(608,3008)
(832,2944),(832,3008),(800,3008),(800,2912),(736,2912),(736,2944),(832,2944)
(928,2912),(928,2848),(896,2848),(896,2912),(928,2912)
(1056,2880),(1056,2944),(1024,2944),(1024,2880),(1056,2880)
(992,2656),(1056,2656),(1056,2624),(992,2624),(992,2656)
(896,2656),(896,2592),(928,2592),(928,2656),(896,2656)
(2304,2080),(2304,2112),(2240,2112),(2240,2080),(2304,2080)
(2400,2112),(2400,2144),(2336,2144),(2336,2112),(2400,2112)
(2304,2176),(2304,2208),(2240,2208),(2240,2176),(2304,2176)
(2400,2208),(2400,2240),(2336,2240),(2336,2208),(2400,2208)
(2240,2304),(2304,2304),(2304,2272),(2240,2272),(2240,2304)
(2400,2304),(2400,2336),(2336,2336),(2336,2304),(2400,2304)
(2400,2400),(2400,2432),(2336,2432),(2336,2400),(2400,2400)
(2240,2400),(2240,2368),(2304,2368),(2304,2400),(2240,2400)
(2304,2464),(2304,2496),(2240,2496),(2240,2464),(2304,2464)
(2400,2496),(2400,2528),(2336,2528),(2336,2496),(2400,2496)
(192,3008),(320,3008),(320,2976),(288,2976),(288,3008),(224,3008),(224,2880),(256,2880),(256,2848),(192,2848),(192,3008)
(1408,2912),(1408,2944),(1440,2944),(1440,2848),(1408,2848),(1408,2880),(1312,2880),(1312,2912),(1408,2912)
(1536,3008),(1536,2784),(1120,2784),(1120,2816),(1504,2816),(1504,2976),(1120,2976),(1120,3008),(1536,3008)
(448,192),(448,224),(576,224),(576,352),(608,352),(608,192),(448,192)
(480,320),(480,352),(320,352),(320,320),(480,320)
(192,576),(320,576),(320,480),(416,480),(416,416),(192,416),(192,576)
(576,544),(576,448),(608,448),(608,576),(448,576),(448,544),(576,544)
(2048,2912),(2112,2912),(2112,2816),(1920,2816),(1920,2912),(2016,2912),(2016,2944),(2048,2944),(2048,2912)
(3008,3008),(2080,3008),(2080,2976),(2208,2976),(2208,2816),(2816,2816),(2816,2624),(2976,2624),(2976,2656),(3008,2656),(3008,3008)
(2944,2528),(2912,2528),(2912,2400),(2816,2400),(2816,2560),(2944,2560),(2944,2528)
(3008,2496),(2976,2496),(2976,2464),(3008,2464),(3008,2496)
(2368,480),(2368,384),(2400,384),(2400,448),(2560,448),(2560,480),(2368,480)
(2944,480),(2944,416),(2912,416),(2912,448),(2720,448),(2720,480),(2944,480)
(2912,288),(2400,288),(2400,320),(2368,320),(2368,256),(2944,256),(2944,320),(2912,320),(2912,288)
(192,1536),(224,1536),(224,1472),(192,1472),(192,1536)
(352,1504),(352,1568),(320,1568),(320,1504),(352,1504)
(416,1568),(416,1632),(384,1632),(384,1568),(416,1568)
(384,1664),(384,1696),(320,1696),(320,1664),(384,1664)
(416,1888),(416,1856),(352,1856),(352,1888),(352,1888),(416,1888)
(320,1920),(320,1984),(352,1984),(352,1920),(320,1920)
(192,1984),(192,1920),(224,1920),(224,1984),(192,1984)
(192,1856),(256,1856),(256,1888),(192,1888),(192,1856)
(224,1632),(256,1632),(256,1696),(224,1696),(224,1632)
(416,1408),(448,1408),(448,1344),(416,1344),(416,1408)
(768,224),(768,288),(736,288),(736,224),(768,224)
(928,288),(928,352),(896,352),(896,288),(928,288)
(1024,352),(1024,384),(960,384),(960,352),(1024,352)
(960,512),(992,512),(992,448),(960,448),(960,512)
(1024,544),(1024,576),(960,576),(960,544),(1024,544)
(864,352),(832,352),(832,640),(800,640),(800,576),(864,576),(864,352)
(736,352),(736,384),(672,384),(672,352),(736,352)
(736,416),(736,480),(704,480),(704,416),(736,416)
(1088,640),(1088,704),(1056,704),(1056,640),(1088,640)
(928,704),(928,736),(864,736),(864,704),(928,704)
(864,832),(896,832),(896,768),(864,768),(864,832)
(800,896),(800,960),(768,960),(768,896),(800,896)
(896,928),(896,992),(864,992),(864,928),(896,928)
(800,1152),(832,1152),(832,1088),(800,1088),(800,1152)
(800,672),(800,704),(736,704),(736,672),(800,672)
(608,640),(608,672),(672,672),(672,640),(608,640)
(704,736),(704,800),(672,800),(672,736),(704,736)
(448,672),(448,736),(416,736),(416,672),(448,672)
(480,768),(480,800),(416,800),(416,768),(480,768)
(320,672),(320,704),(256,704),(256,672),(320,672)
(256,896),(288,896),(288,832),(256,832),(256,896)
(192,1056),(224,1056),(224,992),(192,992),(192,1056)
(320,1120),(320,1184),(288,1184),(288,1120),(320,1120)
(608,1248),(608,1312),(576,1312),(576,1248),(608,1248)
(704,1344),(704,1408),(672,1408),(672,1344),(704,1344)
(800,1312),(800,1376),(768,1376),(768,1312),(800,1312)
(320,1056),(320,1088),(256,1088),(256,1056),(320,1056)
(320,1280),(320,1312),(256,1312),(256,1280),(320,1280)
(544,1312),(544,1344),(480,1344),(480,1312),(544,1312)
(832,1280),(832,1248),(768,1248),(768,1280),(832,1280)
(1056,1280),(1056,1312),(992,1312),(992,1280),(1056,1280)
(2208,320),(2208,352),(2144,352),(2144,320),(2208,320)
(2304,544),(2304,608),(2272,608),(2272,544),(2304,544)
(2336,608),(2400,608),(2400,640),(2368,640),(2368,704),(2336,704),(2336,608)
(2496,544),(2496,608),(2464,608),(2464,544),(2496,544)
(2464,704),(2560,704),(2560,672),(2496,672),(2496,768),(2464,768),(2464,704)
(2144,640),(2208,640),(2208,672),(2144,672),(2144,640)
(2112,576),(2080,576),(2080,640),(2112,640),(2112,576)
(1984,640),(1984,608),(1920,608),(1920,576),(2016,576),(2016,640),(1984,640)
(1888,672),(1888,704),(1952,704),(1952,672),(1888,672)
(1824,544),(1792,544),(1792,608),(1824,608),(1824,544)
(1952,800),(1952,896),(1920,896),(1920,832),(1888,832),(1888,800),(1952,800)
(1984,1024),(1984,1056),(1952,1056),(1952,1088),(1888,1088),(1888,1056),(1920,1056),(1920,1024),(1984,1024)
(1952,1184),(1952,1248),(1920,1248),(1920,1184),(1952,1184)
(1568,576),(1632,576),(1632,608),(1536,608),(1536,672),(1568,672),(1568,576)
(1728,672),(1728,704),(1664,704),(1664,672),(1728,672)
(2688,640),(2688,704),(2656,704),(2656,640),(2688,640)
(2720,576),(2720,608),(2656,608),(2656,576),(2720,576)
(2816,544),(2816,608),(2784,608),(2784,544),(2816,544)
(2880,672),(2880,704),(2816,704),(2816,672),(2880,672)
(2976,672),(2976,736),(2944,736),(2944,672),(2976,672)
(3008,896),(3008,928),(2944,928),(2944,896),(3008,896)
(2912,1184),(2912,1120),(2912,1184)
(2944,1184),(2944,1120),(2944,1184)
(3008,576),(2944,576),(2944,544),(3008,544),(3008,576)
(2272,416),(2272,384),(2208,384),(2208,416),(2272,416)
(1984,1280),(1984,1344),(1952,1344),(1952,1280),(1984,1280)
(2080,1248),(2080,1312),(2112,1312),(2112,1248),(2080,1248)
(2112,1408),(2144,1408),(2144,1344),(2112,1344),(2112,1408)
(2848,1280),(2848,1312),(2912,1312),(2912,1280),(2848,1280)
(2752,1344),(2752,1376),(2816,1376),(2816,1344),(2752,1344)
(2944,1344),(2944,1408),(2912,1408),(2912,1344),(2944,1344)
(1376,608),(1440,608),(1440,640),(1408,640),(1408,704),(1376,704),(1376,608)
(2496,1536),(2496,1568),(2432,1568),(2432,1536),(2496,1536)
(2560,1568),(2560,1632),(2528,1632),(2528,1568),(2560,1568)
(2528,1696),(2464,1696),(2464,1664),(2528,1664),(2528,1696)
(2400,1728),(2400,1664),(2432,1664),(2432,1728),(2400,1728)
(2496,1792),(2496,1856),(2528,1856),(2528,1888),(2464,1888),(2464,1792),(2496,1792)
(2560,1984),(2560,2016),(2496,2016),(2496,1984),(2560,1984)
(2048,1984),(2080,1984),(2080,1952),(2144,1952),(2144,1920),(2048,1920),(2048,1984)
(1952,2016),(2016,2016),(2016,1984),(1952,1984),(1952,2016)
(2112,2016),(2112,2080),(2080,2080),(2080,2016),(2112,2016)
(2240,1984),(2240,2048),(2208,2048),(2208,1984),(2240,1984)
(2304,1888),(2304,1920),(2240,1920),(2240,1888),(2304,1888)
(2016,2560),(2016,2624),(2048,2624),(2048,2560),(2016,2560)
(1792,2624),(1760,2624),(1760,2784),(1728,2784),(1728,2720),(1824,2720),(1824,2688),(1792,2688),(1792,2656),(1824,2656),(1824,2592),(1856,2592),(1856,2560),(1792,2560),(1792,2624)
(1952,2656),(1952,2688),(1888,2688),(1888,2656),(1952,2656)
(1568,2560),(1568,2592),(1632,2592),(1632,2560),(1568,2560)
(1536,2720),(1568,2720),(1568,2656),(1536,2656),(1536,2720)
(1632,2848),(1664,2848),(1664,2784),(1632,2784),(1632,2848)
(1760,2880),(1760,2912),(1696,2912),(1696,2880),(1760,2880)
(2304,2560),(2304,2720),(2208,2720),(2208,2656),(2240,2656),(2240,2624),(2208,2624),(2208,2560),(2304,2560)
(2464,2336),(2592,2336),(2592,2240),(2528,2240),(2528,2208),(2464,2208),(2464,2336)
(2400,2592),(2400,2624),(2336,2624),(2336,2592),(2400,2592)
(2400,2688),(2400,2720),(2336,2720),(2336,2688),(2400,2688)
(2528,2624),(2528,2720),(2496,2720),(2496,2656),(2464,2656),(2464,2624),(2528,2624)
(2656,2560),(2656,2624),(2624,2624),(2624,2560),(2656,2560)
(2688,2688),(2688,2720),(2624,2720),(2624,2688),(2688,2688)
(1184,2592),(1184,2656),(1216,2656),(1216,2688),(1152,2688),(1152,2592),(1184,2592)
(1312,2688),(1312,2720),(1248,2720),(1248,2688),(1312,2688)
(1312,2560),(1408,2560),(1408,2592),(1344,2592),(1344,2624),(1312,2624),(1312,2560)
(1408,2656),(1408,2720),(1376,2720),(1376,2656),(1408,2656)
(672,896),(672,1152),(416,1152),(416,1184),(704,1184),(704,864),(416,864),(416,896),(672,896)
(2624,352),(2624,384),(2592,384),(2592,352),(2624,352)
(2688,352),(2688,384),(2656,384),(2656,352),(2688,352)
(2496,320),(2496,352),(2432,352),(2432,320),(2496,320)
(2496,384),(2496,416),(2432,416),(2432,384),(2496,384)
(320,1760),(320,1824),(288,1824),(288,1760),(320,1760)
(1216,1536),(1184,1536),(1184,1568),(1120,1568),(1120,1472),(1216,1472),(1216,1536)
(1408,1472),(1408,1536),(1280,1536),(1280,1472),(1408,1472)
(1600,1472),(1600,1696),(1536,1696),(1536,1536),(1472,1536),(1472,1472),(1600,1472)
(1600,1824),(1376,1824),(1376,1760),(1600,1760),(1600,1824)
(1120,1824),(1120,1632),(1184,1632),(1184,1760),(1312,1760),(1312,1824),(1120,1824)
}

collisionPeople {
(1280,1472),(1216,1472),(1280,1472)
(1312,1824),(1376,1824),(1312,1824)
(1856,2352),(1920,2352),(1920,2368),(1856,2368),(1856,2352)
(1376,2400),(1344,2400),(1344,2368),(1376,2368),(1376,2400)
(1280,2432),(1312,2432),(1312,2400),(1280,2400),(1280,2432)
(1216,2464),(1248,2464),(1248,2432),(1216,2432),(1216,2464)
(1216,2368),(1216,2400),(1184,2400),(1184,2368),(1216,2368)
(1088,832),(1088,864),(1056,864),(1056,832),(1088,832)
(1152,832),(1152,864),(1120,864),(1120,832),(1152,832)
(1216,832),(1216,864),(1184,864),(1184,832),(1216,832)
(1280,864),(1248,864),(1248,832),(1280,832),(1280,864)
(1120,768),(1056,768),(1120,768)
(1472,832),(1472,800),(1472,832)
(1440,864),(1408,864),(1408,832),(1440,832),(1440,864)
(2592,960),(2560,960),(2560,864),(2592,864),(2592,960)
(2688,928),(2688,960),(2624,960),(2624,928),(2688,928)
(2848,928),(2848,960),(2784,960),(2784,928),(2848,928)
(2688,992),(2688,1024),(2624,1024),(2624,992),(2688,992)
(2848,992),(2848,1024),(2784,1024),(2784,992),(2848,992)
(2688,1056),(2688,1088),(2624,1088),(2624,1056),(2688,1056)
(2848,1056),(2848,1088),(2784,1088),(2784,1056),(2848,1056)
(2688,1120),(2688,1152),(2624,1152),(2624,1120),(2688,1120)
(2848,1120),(2848,1152),(2784,1152),(2784,1120),(2848,1120)
(2336,928),(2336,960),(2272,960),(2272,928),(2336,928)
(2176,928),(2176,960),(2112,960),(2112,928),(2176,928)
(2176,992),(2176,1024),(2112,1024),(2112,992),(2176,992)
(2176,1056),(2176,1088),(2112,1088),(2112,1056),(2176,1056)
(2176,1120),(2176,1152),(2112,1152),(2112,1120),(2176,1120)
(2336,1120),(2336,1152),(2272,1152),(2272,1120),(2336,1120)
(2336,1056),(2336,1088),(2272,1088),(2272,1056),(2336,1056)
(2336,992),(2336,1024),(2272,1024),(2272,992),(2336,992)
(2304,1248),(2304,1376),(2368,1376),(2368,1408),(2272,1408),(2272,1248),(2304,1248)
(2656,1376),(2656,1248),(2688,1248),(2688,1408),(2400,1408),(2400,1376),(2656,1376)
(1824,1472),(1824,1504),(1664,1504),(1664,1472),(1824,1472)
(1824,1888),(1824,1824),(1760,1824),(1760,1856),(1728,1856),(1728,1824),(1664,1824),(1664,1888),(1824,1888)
(2432,736),(2432,768),(2240,768),(2240,736),(2432,736)
(2752,736),(2752,768),(2496,768),(2496,736),(2752,736)
(2944,768),(2944,864),(2912,864),(2912,768),(2944,768)
(2944,992),(2944,1120),(2912,1120),(2912,992),(2944,992)
(2944,1184),(2944,1248),(2912,1248),(2912,1184),(2944,1184)
(2048,768),(2048,928),(2016,928),(2016,768),(2048,768)
(2048,1024),(2048,1152),(2016,1152),(2016,1024),(2048,1024)
(1888,1888),(1888,1952),(1856,1952),(1856,1888),(1888,1888)
(1952,960),(1952,992),(1888,992),(1888,960),(1952,960)
(1856,2048),(1888,2048),(1888,1984),(1856,1984),(1856,2048)
(2048,960),(2048,992),(1984,992),(1984,960),(2048,960)
(480,1536),(832,1536),(480,1536)
(2464,1440),(2464,1472),(2400,1472),(2400,1440),(2464,1440)
(2560,1440),(2560,1472),(2496,1472),(2496,1440),(2560,1440)
(2080,1248),(2080,1312),(2048,1312),(2048,1248),(2080,1248)
(2112,1344),(2112,1408),(2080,1408),(2080,1344),(2112,1344)
(1056,1568),(1056,1632),(1024,1632),(1024,1568),(1056,1568)
(2592,1536),(2592,1728),(2560,1728),(2560,1536),(2592,1536)
(2592,1760),(2592,1856),(2560,1856),(2560,1760),(2592,1760)
(2592,1888),(2592,1952),(2560,1952),(2560,1888),(2592,1888)
(2592,2048),(2592,2176),(2560,2176),(2560,2048),(2592,2048)
(3008,2304),(2784,2304),(2784,2496),(2752,2496),(2752,2528),(2720,2528),(2720,2240),(3008,2240),(3008,2304)
(2784,2560),(2784,2752),(2720,2752),(2720,2560),(2784,2560)
(832,2592),(832,2464),(832,2592)
(480,2560),(480,2432),(480,2560)
(416,2112),(416,2048),(192,2048),(192,2112),(416,2112)
(448,2848),(448,2912),(416,2912),(416,2848),(448,2848)
(448,2944),(448,3008),(416,3008),(416,2944),(448,2944)
(2432,1888),(2432,2048),(2336,2048),(2336,1888),(2432,1888)
(2464,2560),(2464,2144),(2432,2144),(2432,2560),(2464,2560)
(2208,2048),(2176,2048),(2176,2272),(2208,2272),(2208,2048)
(1120,2816),(1120,2848),(1312,2848),(1312,2816),(1120,2816)
(1120,2976),(1120,2944),(1312,2944),(1312,2976),(1120,2976)
(2304,416),(2304,480),(2240,480),(2240,448),(2208,448),(2208,480),(2144,480),(2144,416),(2304,416)
(2944,416),(2944,320),(2912,320),(2912,416),(2944,416)
(2400,384),(2368,384),(2368,320),(2400,320),(2400,384)
(192,1440),(192,1376),(416,1376),(416,1440),(192,1440)
}

buyzones {
(0,2016,320,2048,384)
(0,1312,2288,1408,2304)
(1,2160,64,2288,96)
(0,1440,2848,1456,2944)
(0,1024,800,1280,896)
(0,512,240,544,224)
}

spawns {
(0,1360,1648);(1,2784,1504);(0,2896,368);(0,224,224);(0,656,2560);(1,704,1568);(1,1248,976);(1,2480,1104);(1,1312,416);(1,656,960);(1,1248,2896);(1,2320,2352);(1,1872,2208);(1,2080,1696);(1,1248,2368);(1,608,1952);(1,656,1024);(1,656,1088);(1,1952,352);(1,2784,2080);(1,2144,2944);(1,2832,2352)
}

waypoints {
(3168,3168)
}

guns {
(17,2896,368);(7,656,2560);(23,224,224);(13,1360,1648);(18,1248,2896);(18,2144,2944);(18,2832,2352);(18,2784,2080);(18,2320,2352);(18,1872,2208);(18,1248,2368);(18,608,1952);(18,704,1568);(18,2080,1696);(18,2784,1504);(18,2480,1104);(18,1248,976);(18,656,960);(18,656,1024);(18,656,1088);(18,1312,416);(18,1952,352)
}
