tiles {
12,12,12,12,12,12,12,12,12,12,12,12,12,12,12,12,12,12,12,12
12,12,12,12,12,12,12,12,12,12,12,12,12,12,12,12,12,12,12,12
12,12,11,6,6,6,6,10,6,6,6,6,6,6,6,6,6,8,12,12
12,12,6,6,6,6,6,12,10,6,6,9,12,6,6,6,6,6,12,12
12,12,6,6,3,6,6,11,6,6,6,6,8,6,6,12,10,6,12,12
12,12,6,6,3,3,6,6,6,3,3,6,6,6,6,12,12,6,12,12
12,12,6,6,6,6,6,6,6,3,3,6,6,6,6,6,6,6,12,12
12,12,3,3,6,9,12,10,6,12,12,6,6,12,12,6,6,6,12,12
12,12,6,6,6,6,6,6,6,12,12,10,6,12,11,6,6,6,12,12
12,12,6,6,10,6,6,6,6,12,12,11,6,12,6,6,9,3,12,12
12,12,6,6,12,10,6,6,12,12,12,6,6,12,6,6,3,3,12,12
12,12,6,6,6,6,6,6,11,6,6,6,3,3,6,6,6,6,12,12
12,12,12,12,12,12,3,6,6,6,6,6,6,3,6,6,6,6,12,12
12,12,12,12,12,12,6,6,6,12,10,6,6,6,6,6,6,6,12,12
12,12,6,6,6,6,6,6,9,12,12,6,6,6,3,3,6,6,12,12
12,12,6,6,12,12,12,12,12,12,11,6,6,6,3,6,6,6,12,12
12,12,6,6,3,6,6,6,6,6,6,6,6,6,6,6,6,6,12,12
12,12,10,6,6,6,6,6,6,3,6,6,6,6,6,6,6,9,12,12
12,12,12,12,12,12,12,12,12,12,12,12,12,12,12,12,12,12,12,12
12,12,12,12,12,12,12,12,12,12,12,12,12,12,12,13,14,12,12,12
}

collision {
(64,224),(128,224),(128,256),(64,256),(64,384),(224,384),(224,416),(192,416),(192,448),(64,448),(64,544),(96,576),(288,576),(288,544),(320,544),(320,576),(544,576),(576,544),(576,352),(512,352),(512,320),(544,288),(576,288),(576,96),(544,64),(224,64),(288,128),(256,128),(224,160),(224,64),(96,64),(64,96),(64,224)
(160,128),(160,160),(192,160),(192,192),(128,192),(128,128),(160,128)
(256,256),(224,224),(192,224),(160,256),(256,256)
(128,352),(192,352),(128,288),(128,352)
(288,352),(352,352),(352,320),(384,288),(352,256),(352,160),(288,160),(288,320),(256,320),(256,384),(288,352)
(416,352),(416,224),(480,224),(480,256),(448,288),(448,416),(416,416),(416,384),(384,384),(384,352),(416,352)
(512,128),(544,160),(544,192),(480,192),(480,128),(512,128)
(384,128),(416,160),(416,96),(384,96),(352,128),(384,128)
(512,448),(512,480),(480,480),(480,512),(448,512),(448,448),(512,448)
(128,544),(128,480),(256,480),(288,448),(288,416),(320,416),(352,448),(352,480),(320,512),(160,512),(160,544),(128,544)
}

spawns {
(1,96,128);(1,128,96);(1,192,96);(0,480,544);(0,512,544);(0,544,512)
}

waypoints {
(352,416)
}

guns {
}
