tiles {
58,58,58,58,58,58,58,176,176,176,176,176,176,58,58,58,58,58,58,58
58,58,58,58,58,58,58,176,176,176,176,176,176,58,58,58,58,58,58,58
58,58,58,58,58,58,58,176,176,176,176,176,176,58,58,58,58,58,58,58
58,58,58,58,58,58,58,176,176,176,176,176,176,58,58,58,58,58,58,58
58,58,58,58,58,58,58,176,176,176,176,176,176,58,58,58,58,58,58,58
58,58,58,58,58,58,58,176,176,176,176,176,176,58,58,58,58,58,58,58
176,176,58,58,58,176,176,176,176,176,176,176,176,176,176,58,58,58,176,176
176,176,58,58,58,176,176,176,32,33,34,35,176,176,176,58,58,58,176,176
176,176,58,58,58,176,176,176,176,176,176,176,176,176,176,58,58,58,176,176
58,58,58,58,58,58,58,176,176,176,176,176,176,58,58,58,58,58,58,58
58,58,58,58,58,58,58,176,176,176,176,176,176,58,58,58,58,58,58,58
58,58,58,58,58,58,58,176,176,176,176,176,176,58,58,58,58,58,58,58
58,58,58,58,58,58,58,176,176,176,176,176,176,58,58,58,58,58,58,58
58,58,58,58,58,58,58,176,176,176,176,176,176,58,58,58,58,58,58,58
58,58,58,58,58,58,58,176,176,176,176,176,176,58,58,58,58,58,58,58
}

collision {
(0,480),(640,480),(640,0),(0,0),(0,480)
}

collisionPeople {
(0,0),(0,192),(64,192),(64,288),(0,288),(0,480),(224,480),(224,288),(160,288),(160,192),(224,192),(224,0),(0,0)
(640,0),(640,192),(576,192),(576,288),(640,288),(640,480),(416,480),(416,288),(480,288),(480,192),(416,192),(416,0),(640,0)
}

spawns {
(1,496,48);(1,496,80);(1,560,48);(1,560,80);(1,496,112);(1,560,112);(1,496,432);(1,496,400);(1,496,368);(1,560,368);(1,560,400);(1,560,432);(0,144,48);(0,144,80);(0,144,112);(0,80,48);(0,80,80);(0,80,112);(0,144,368);(0,144,400);(0,144,432);(0,80,432);(0,80,400);(0,80,368)
}

waypoints {
(528,240);(96,240)
}

guns {
(26,624,16);(26,624,48);(26,624,80);(26,624,112);(26,624,144);(26,624,176);(26,592,176);(26,592,144);(26,592,112);(26,592,80);(26,592,48);(26,592,16);(26,560,16);(26,560,80);(26,560,112);(26,560,144);(26,560,176);(26,528,176);(26,528,144);(26,528,16);(26,496,16);(26,496,144);(26,496,176);(26,464,176);(26,464,144);(26,464,112);(26,464,80);(26,464,48);(26,464,16);(26,432,16);(26,432,48);(26,432,80);(26,432,112);(26,432,144);(26,432,176);(26,496,208);(26,528,208);(26,560,208);(26,496,240);(26,528,240);(26,560,240);(26,496,272);(26,528,272);(26,560,272);(26,624,304);(26,624,336);(26,624,368);(26,624,400);(26,624,432);(26,624,464);(26,592,464);(26,560,464);(26,528,464);(26,496,464);(26,464,464);(26,432,464);(26,592,304);(26,592,336);(26,592,368);(26,592,400);(26,592,432);(26,560,432);(26,560,400);(26,560,368);(26,560,336);(26,560,304);(26,528,304);(26,528,336);(26,496,336);(26,496,304);(26,464,304);(26,464,336);(26,464,368);(26,464,400);(26,464,432);(26,432,432);(26,432,400);(26,432,368);(26,432,336);(26,432,304);(26,208,304);(26,208,336);(26,208,368);(26,208,400);(26,208,432);(26,208,464);(26,176,464);(26,176,432);(26,176,400);(26,176,368);(26,176,336);(26,176,304);(26,144,304);(26,144,336);(26,144,368);(26,144,400);(26,144,432);(26,144,464);(26,112,464);(26,112,432);(26,112,400);(26,112,368);(26,112,336);(26,112,304);(26,80,304);(26,80,336);(26,80,368);(26,80,400);(26,80,432);(26,80,464);(26,48,464);(26,48,432);(26,48,400);(26,48,368);(26,48,336);(26,48,304);(26,16,304);(26,16,336);(26,16,368);(26,16,400);(26,16,432);(26,16,464);(26,80,272);(26,80,240);(26,80,208);(26,80,176);(26,80,144);(26,80,112);(26,80,80);(26,80,48);(26,80,16);(26,48,16);(26,16,16);(26,16,48);(26,16,80);(26,16,112);(26,16,144);(26,16,176);(26,48,176);(26,48,112);(26,48,144);(26,48,80);(26,48,48);(26,112,272);(26,112,240);(26,112,208);(26,112,176);(26,112,144);(26,112,112);(26,112,80);(26,112,48);(26,112,16);(26,144,16);(26,176,16);(26,208,16);(26,208,48);(26,176,48);(26,144,48);(26,144,80);(26,176,80);(26,208,80);(26,208,112);(26,176,112);(26,144,112);(26,144,144);(26,144,176);(26,144,208);(26,144,240);(26,144,272);(26,176,176);(26,208,176);(26,208,144);(26,176,144);(26,528,368);(26,528,400);(26,528,432);(26,496,432);(26,496,400);(26,496,368);(26,496,112);(26,496,48);(26,496,80);(26,528,80);(26,528,48);(26,528,112)
}
