35,40
8,8,8,8,8,8,8,13,7,18,4,5,18,7,13,8,8,8,8,8,8,8,8,8,8,8,13,7,13,8,8,8,8,8,8
35,15,15,15,15,38,38,13,7,18,4,5,18,7,13,8,2,2,2,2,2,2,2,2,2,8,13,7,13,8,8,38,2,2,2
35,15,15,15,15,6,38,13,7,18,4,5,18,7,13,8,2,2,2,2,2,2,2,2,2,8,13,7,13,8,8,38,2,2,2
35,15,15,15,15,6,38,13,7,18,4,5,18,7,13,8,2,2,2,2,2,2,2,2,2,8,13,7,13,38,38,38,2,2,2
35,15,15,15,15,6,38,13,7,18,4,5,18,7,13,8,2,2,2,2,2,2,2,2,2,8,13,7,13,38,17,17,2,2,2
35,15,15,15,15,6,38,13,7,18,4,5,18,7,13,8,2,2,2,2,2,2,17,17,17,8,13,7,13,38,17,17,2,2,2
35,15,15,15,15,6,38,13,7,18,4,5,18,7,13,8,36,37,36,37,36,37,17,17,17,8,13,7,13,38,17,17,2,2,2
35,15,15,15,15,6,38,13,7,18,4,5,18,7,13,8,8,8,8,8,8,8,17,17,17,8,13,7,13,38,17,17,2,2,2
8,8,8,8,14,6,8,13,7,18,4,5,18,7,13,8,8,8,8,8,8,8,17,17,17,14,13,7,13,38,17,17,6,6,38
12,12,12,12,12,6,12,10,7,18,4,5,18,7,9,12,12,12,12,12,12,12,17,17,17,12,10,7,9,12,17,17,12,12,12
7,7,7,7,7,7,7,7,7,18,4,5,18,7,7,7,7,7,7,7,7,7,17,17,17,7,7,7,7,7,17,17,7,7,7
18,18,18,18,18,18,18,18,18,18,18,18,18,18,18,18,18,18,18,18,18,18,18,18,18,18,18,18,18,18,18,18,18,18,18
19,19,19,19,19,19,19,19,19,18,18,18,18,19,19,19,19,19,19,19,19,19,19,19,19,19,19,19,19,19,19,19,19,19,19
20,20,20,20,20,20,20,20,20,18,18,18,18,20,20,20,20,20,20,20,20,20,20,20,20,20,20,20,20,20,20,20,20,20,20
18,18,18,18,18,18,18,18,18,18,18,18,18,18,18,18,18,18,18,18,18,18,18,18,18,18,18,18,18,18,18,18,18,18,18
7,7,7,7,7,7,7,7,7,18,4,5,18,7,7,7,7,7,7,7,7,7,7,7,7,7,7,7,7,7,7,7,7,7,7
12,12,12,12,12,12,12,11,7,18,4,5,18,7,3,12,12,12,12,6,12,12,12,12,12,12,11,7,3,12,17,17,17,17,12
8,8,8,8,8,8,8,13,7,18,4,5,18,7,13,8,8,8,14,6,8,8,8,8,8,8,13,7,13,14,17,17,17,17,8
16,16,16,16,38,8,8,13,7,18,4,5,18,7,13,8,8,8,8,6,8,8,8,8,8,8,13,7,13,8,17,17,17,17,8
16,16,16,16,38,8,8,13,7,18,4,5,18,7,13,38,32,33,38,6,6,6,6,8,8,8,13,7,13,8,17,17,17,17,8
16,16,16,16,38,8,8,13,7,18,4,5,18,7,13,15,15,15,15,15,15,15,6,8,8,8,13,7,13,8,8,8,8,6,8
16,16,16,16,0,0,0,0,7,18,4,5,18,7,13,15,15,15,15,15,15,15,6,8,8,8,13,7,13,16,16,16,38,6,38
16,16,16,16,38,8,14,13,7,18,4,5,18,7,13,15,15,15,15,15,15,15,6,8,8,8,13,7,13,16,16,16,16,16,16
16,16,16,16,38,8,8,13,7,18,4,5,18,7,13,15,15,15,15,15,15,15,8,8,8,8,13,7,13,16,16,16,16,16,16
16,16,16,16,38,8,8,13,7,18,4,5,18,7,13,15,15,15,15,15,15,15,8,8,2,2,13,7,13,16,16,16,16,16,16
8,8,8,8,8,8,8,13,7,18,4,5,18,7,13,8,8,8,8,8,8,8,8,8,2,2,13,7,13,16,16,16,16,16,16
12,12,12,12,12,12,12,10,7,18,4,5,18,7,9,12,12,12,12,12,12,12,12,12,12,12,10,7,9,12,12,12,12,12,12
7,7,7,7,7,7,7,7,7,18,4,5,18,7,7,7,7,7,7,7,7,7,7,7,7,7,7,7,7,7,7,7,7,7,7
12,12,12,12,12,12,12,11,7,18,4,5,18,7,3,12,12,12,12,12,12,12,12,12,12,12,11,7,3,12,12,12,12,12,12
8,8,8,8,8,8,8,13,7,18,4,5,18,7,13,14,8,8,8,33,33,33,33,33,8,8,13,7,13,8,8,33,33,33,33
15,15,34,8,8,8,8,13,7,18,4,5,18,17,17,17,17,17,17,2,2,2,2,2,8,8,13,7,13,8,8,15,15,15,15
15,15,38,8,8,8,8,13,7,18,4,5,18,17,17,17,17,17,17,2,2,2,2,2,8,8,13,7,13,8,8,15,15,15,15
15,15,15,6,8,8,8,13,7,18,4,5,18,7,13,8,8,8,6,2,2,2,2,2,2,34,13,7,13,8,8,15,15,15,15
15,15,15,6,8,8,8,13,7,18,4,5,18,7,13,8,8,8,6,2,2,2,2,2,2,34,13,7,13,8,8,15,15,15,15
15,15,15,6,8,8,8,13,7,18,4,5,18,7,13,8,8,8,6,2,2,2,2,2,2,34,13,7,13,8,8,15,15,15,15
15,15,38,6,8,8,14,13,7,18,4,5,18,7,13,8,8,8,6,2,2,2,2,2,2,34,13,7,13,8,8,15,15,15,15
15,15,34,17,17,17,17,17,17,18,4,5,18,7,13,8,8,8,38,2,2,2,2,2,2,34,13,7,13,8,8,15,15,15,15
15,15,34,17,17,17,17,17,17,18,4,5,18,7,13,8,8,8,38,2,2,2,2,2,2,34,13,7,13,8,8,15,15,15,38
15,15,34,8,8,8,8,13,7,18,4,5,18,7,13,8,8,8,8,8,8,8,8,8,8,8,13,7,13,8,8,6,6,6,6
12,12,12,12,12,12,12,10,7,18,4,5,18,7,9,12,12,12,12,12,12,12,12,12,12,12,10,7,9,12,12,12,12,12,12
(160,32),(32,32),(32,256),(160,256),(160,32),(-1,-1),(128,800),(0,800),(0,576),(128,576),(128,800),(-1,-1),(800,32),(800,160),(704,160),(704,192),(512,192),(512,32),(800,32),(-1,-1),(480,800),(704,800),(704,640),(480,640),(480,800),(-1,-1),(160,256),(128,256),(128,288),(160,288),(160,256),(-1,-1),(192,736),(224,736),(224,704),(192,704),(192,736),(-1,-1),(800,288),(832,288),(832,256),(800,256),(800,288),(-1,-1),(608,544),(576,544),(576,576),(608,576),(608,544),(-1,-1),(0,1248),(64,1248),(64,1120),(96,1120),(96,1024),(64,1024),(64,960),(0,960),(0,1248),(-1,-1),(192,1152),(224,1152),(224,1120),(192,1120),(192,1152),(-1,-1),(832,832),(832,768),(768,768),(768,832),(832,832),(-1,-1),(608,1216),(800,1216),(800,1024),(768,1024),(768,960),(608,960),(608,1216),(-1,-1),(1024,704),(1120,704),(1120,832),(928,832),(928,672),(1024,672),(1024,704),(-1,-1),(480,928),(480,960),(512,960),(512,928),(480,928),(-1,-1),(928,576),(960,576),(960,544),(928,544),(928,576),(-1,-1),(1120,1184),(1088,1184),(1088,1216),(992,1216),(992,960),(1120,960),(1120,1184)
(896,1216),(832,1216),(960,1216),(928,1216)
(64,320),(192,64),(192,32),(256,64)
(736,800),(736,768),(864,832),(896,800),(864,896),(864,992),(864,928),(768,1248),(864,1056),(800,1248),(832,1248),(864,1248),(1056,608),(992,608),(960,608),(1056,576),(1056,544),(1056,512),(1056,480),(1056,448),(960,448),(928,448),(768,480),(768,512),(832,608),(672,512),(576,448),(576,608),(544,544),(288,704),(288,768),(384,384),(384,576),(288,320),(160,320),(96,384),(576,480),(192,544),(160,672),(416,672),(352,672),(224,768),(224,384),(288,384),(448,384),(480,512),(416,448),(480,544),(352,448),(512,608),(416,32),(416,32),(352,128),(288,224),(224,192),(224,320),(480,256),(544,288),(544,256),(672,224),(320,128),(672,288),(672,256),(608,224),(544,224),(544,384),(704,384),(544,320),(416,320),(544,352),(352,384),(480,448),(576,384),(608,448),(640,384),(608,384),(672,384),(640,448),(672,448),(672,480),(672,544),(672,576),(480,608),(448,672),(448,768),(288,800),(288,736),(224,672),(224,672),(768,576),(704,608),(864,576),(768,544),(672,608),(608,608),(640,608),(736,608),(736,704),(768,672),(800,704),(864,768),(736,736),(896,32),(800,608),(960,32),(864,960),(864,1024),(864,1152),(864,1184),(864,1216),(864,1088),(864,1120),(1024,608),(928,608),(896,608),(1056,640),(960,512),(1024,448),(992,448),(992,448),(1056,384),(960,384),(928,416),(928,416),(864,448),(832,448),(992,512),(864,480),(960,640),(864,544),(864,512),(992,576),(960,480),(736,416),(768,448),(832,416),(896,448),(800,448),(736,448),(704,448),(736,384),(768,384),(800,384),(800,352),(832,384),(736,288),(736,256),(736,320),(736,352),(736,224),(896,384),(672,352),(672,320),(608,256),(608,288),(608,352),(608,320),(480,128),(416,224),(288,32),(480,32),(768,224),(768,320),(800,320),(864,32),(576,224),(800,224),(800,192),(864,64),(928,160),(928,96),(1088,864),(992,320),(992,128),(896,960),(928,288),(992,384),(928,352),(864,352),(864,384),(928,384),(1024,384),(1024,416),(1056,320),(960,224),(992,256),(992,224),(992,352),(928,192),(992,192),(992,32),(1056,288),(928,32),(928,64),(992,160),(928,128),(640,224),(704,224),(832,224),(864,96),(864,128),(928,224),(896,224),(864,256),(864,288),(512,224),(864,320),(992,288),(928,960),(960,960),(992,96),(1056,352),(352,960),(992,864),(992,64),(1056,416),(32,288),(96,288),(32,384),(96,448),(32,448),(32,448),(32,544),(96,544),(160,480),(256,448),(288,576),(288,480),(384,768),(352,320),(352,256),(224,32),(544,576),(832,960),(800,960),(896,1056),(928,1056),(960,1056),(896,1120),(928,1120),(960,1120),(896,1184),(928,1184),(960,1184),(896,1248),(928,1248),(992,1248),(1024,1248),(1056,1248),(736,1248),(704,1248),(672,1248),(640,1248),(608,1248),(576,1248),(512,1248),(544,1248),(480,1248),(576,1216),(576,1184),(576,1152),(576,1120),(576,1088),(576,1056),(576,992),(576,1024),(576,960),(576,928),(576,896),(832,896),(800,896),(768,896),(736,896),(672,896),(704,896),(640,896),(608,896),(544,896),(480,896),(512,896),(448,896),(416,896),(384,896),(384,864),(384,832),(288,832),(288,864),(288,896),(320,896),(352,896),(256,896),(192,896),(224,896),(160,896),(160,864),(160,832),(128,896),(96,896),(64,896),(32,896),(96,928),(96,960),(96,992),(128,992),(128,1024),(128,1056),(128,1088),(128,1120),(128,1152),(96,1152),(96,1184),(96,1216),(96,1248),(128,1248),(192,1248),(160,1248),(224,1248),(256,1248),(288,1248),(320,1248),(352,1248),(384,1248),(416,1248),(448,1248),(160,992),(192,992),(224,992),(256,992),(288,992),(320,992),(352,992),(384,992),(416,992),(448,992),(480,992),(512,992),(544,992),(544,1088),(512,1088),(480,1088),(416,1088),(448,1088),(384,1088),(352,1088),(320,1088),(288,1088),(256,1088),(224,1088),(192,1088),(160,1088),(256,1120),(256,1152),(256,1184),(256,1216),(352,1216),(352,1184),(352,1152),(352,1120),(480,1120),(480,1152),(480,1184),(480,1216),(416,1056),(416,1024),(288,1056),(288,1024),(352,960),(352,928),(192,960),(192,928),(160,384),(160,768),(224,128),(288,32),(192,416),(480,192),(1056,672),(864,704)
0:(224,224),0:(224,160),0:(64,288),0:(160,1056),0:(544,608),0:(416,704),0:(832,704),0:(928,288),0:(896,96),0:(832,32),0:(896,32),0:(736,192),0:(384,160),0:(1056,672),0:(160,544),0:(224,640),0:(544,1216),0:(1024,928),0:(544,1056)
