tiles {
20,20,20,20,2,38,38,38,38,38,38,38,38,20,20,20,20,20,20,2,38,38,38,20,20,20,20,20,20,20,20,20,20,20,20,2,38,38,38,20,20,20
20,20,20,20,2,38,38,38,38,38,38,38,38,20,20,20,20,20,20,2,38,38,38,20,20,20,20,20,20,20,20,20,20,20,20,2,38,38,38,20,20,20
20,20,81,76,85,84,84,84,84,84,84,84,84,76,76,76,76,76,76,85,84,84,84,76,76,76,76,76,76,76,76,76,76,76,76,85,84,84,84,80,20,20
20,20,77,18,4,20,25,24,24,24,24,24,24,20,20,16,37,20,20,18,25,24,24,20,18,4,1,1,68,34,34,67,34,34,67,25,24,24,24,79,20,20
20,20,77,16,15,20,2,38,38,38,38,38,38,6,1,3,38,6,1,89,90,38,38,6,1,15,38,73,30,31,34,34,54,34,34,74,28,9,40,79,20,20
20,20,77,2,38,6,3,38,38,20,28,20,5,38,38,60,44,38,38,43,42,38,48,38,38,38,38,73,29,33,31,55,34,34,34,74,0,13,62,79,20,20
20,20,77,39,38,38,38,38,38,6,14,12,3,38,20,20,95,22,20,5,38,20,20,21,38,45,46,93,69,32,33,68,34,34,67,94,0,2,63,79,20,20
20,20,77,2,38,38,38,38,38,38,38,38,38,38,23,20,20,20,18,51,38,23,20,20,20,49,38,38,6,71,71,71,64,64,71,0,0,2,22,79,20,20
20,20,77,20,20,5,38,48,22,20,21,38,48,38,38,20,20,20,19,15,38,22,20,20,20,20,5,38,45,50,20,18,4,1,20,19,1,3,23,79,20,20
20,20,77,20,18,2,22,20,20,20,20,20,49,38,38,23,20,20,20,20,20,20,20,20,20,18,39,38,47,38,20,16,15,38,20,20,5,38,38,79,20,20
20,20,77,20,16,15,20,20,20,18,16,37,20,5,38,56,20,20,20,20,20,20,20,18,16,1,15,38,38,22,20,36,38,65,20,20,20,5,38,79,20,20
20,20,77,20,2,38,6,20,20,16,15,38,6,3,38,70,92,18,17,20,20,20,18,52,15,38,38,56,57,6,1,1,87,70,97,20,18,2,38,79,20,20
20,20,77,20,2,38,38,23,20,36,38,38,48,38,38,38,38,6,15,20,18,16,1,15,38,38,38,27,9,38,60,44,38,38,38,86,96,15,38,79,20,20
20,20,77,20,20,5,38,38,6,20,18,5,47,38,27,9,38,38,38,6,1,15,38,38,20,5,38,10,11,22,20,20,20,5,38,10,11,38,22,79,20,20
20,20,77,20,18,2,38,45,46,20,16,15,53,44,20,13,38,38,60,48,38,38,41,20,20,36,38,38,38,23,20,20,18,51,38,38,38,22,20,79,20,20
20,20,77,20,16,15,22,20,20,18,2,38,20,20,20,20,5,38,61,58,59,38,91,20,20,20,21,48,38,38,20,20,4,15,38,38,20,20,20,79,20,20
20,20,77,20,2,38,20,20,20,16,15,22,20,16,37,20,36,38,43,20,2,38,20,20,20,20,20,49,38,38,23,18,2,27,9,38,20,20,20,79,20,20
20,20,77,20,2,38,6,37,20,64,27,20,4,3,38,6,1,87,38,6,3,38,6,20,20,20,20,18,5,38,65,66,15,10,11,38,23,20,20,79,20,20
20,20,77,20,2,38,38,38,6,14,7,12,3,38,38,48,38,38,56,57,38,38,22,20,20,20,20,19,15,38,70,75,38,38,38,38,38,6,20,79,20,20
20,20,77,18,2,38,41,44,38,38,38,38,48,38,38,27,88,44,20,18,5,38,23,20,16,37,20,20,20,21,38,38,38,27,9,38,38,38,23,79,20,20
20,20,77,16,15,38,43,42,22,20,21,38,20,21,38,10,105,42,20,19,15,38,38,6,3,38,6,1,1,1,87,38,38,27,8,20,5,38,38,79,20,20
20,20,77,39,38,38,38,38,20,20,20,20,20,20,5,38,38,45,50,20,5,38,60,44,38,38,38,38,38,38,38,38,38,10,11,86,35,38,40,79,20,20
20,20,77,36,38,27,9,65,20,20,20,20,20,20,20,20,5,47,40,20,2,22,20,20,20,20,5,22,20,20,21,40,38,38,38,20,13,56,57,79,20,20
20,20,82,78,78,78,78,78,78,78,78,78,78,78,78,78,78,78,78,78,78,78,78,78,78,78,78,78,78,78,78,78,78,78,78,78,78,78,78,83,20,20
20,20,20,20,20,20,20,20,20,20,20,20,20,20,20,20,20,20,20,20,20,20,20,20,20,20,20,20,20,20,20,20,20,20,20,20,20,20,20,20,20,20
20,20,20,20,20,20,20,20,20,20,20,20,20,20,20,20,20,20,20,20,20,20,20,20,20,20,20,20,20,20,20,20,20,98,99,100,101,102,103,104,20,20
}

collision {
(96,736),(1248,736),(1248,96),(1248,224),(1216,256),(1248,288),(1248,416),(1184,480),(1152,480),(1152,544),(1184,576),(1216,576),(1216,608),(1248,640),(1248,736),(1152,736),(1152,704),(1120,704),(1120,736),(992,736),(960,704),(896,704),(864,736),(832,736),(832,704),(704,704),(672,736),(640,736),(640,672),(608,640),(640,608),(576,608),(576,672),(608,704),(608,736),(512,736),(512,704),(448,704),(448,672),(416,640),(384,640),(384,672),(352,672),(320,640),(288,640),(256,672),(256,736),(128,736),(96,704),(96,640),(128,608),(128,480),(160,448),(160,416),(128,416),(128,320),(160,288),(160,256),(96,256),(96,160),(96,128),(128,96),(96,96),(96,736)
(160,160),(192,160),(192,96),(160,96),(160,160)
(256,288),(288,256),(320,256),(352,288),(384,288),(416,320),(416,352),(384,352),(352,320),(320,320),(288,352),(288,384),(320,416),(352,416),(320,448),(320,480),(288,512),(288,576),(256,576),(224,544),(192,544),(192,512),(224,480),(288,480),(288,416),(256,416),(224,384),(224,352),(192,352),(192,320),(224,288),(256,288)
(384,576),(384,544),(416,544),(416,512),(448,512),(480,544),(544,544),(512,512),(512,480),(480,480),(480,448),(448,448),(448,480),(384,480),(384,512),(352,544),(352,576),(384,576)
(320,160),(320,192),(288,192),(288,160),(320,160)
(384,160),(384,192),(352,192),(352,160),(384,160)
(480,96),(480,128),(416,128),(416,96),(480,96)
(640,96),(608,128),(544,128),(512,96),(480,96),(512,96),(640,96)
(512,192),(512,224),(544,224),(576,192),(608,192),(608,224),(576,256),(608,288),(672,288),(704,256),(672,224),(672,192),(736,192),(768,224),(800,224),(832,256),(832,288),(800,320),(768,320),(704,384),(672,384),(640,416),(608,416),(608,384),(576,352),(544,384),(512,352),(512,320),(480,288),(480,256),(448,224),(448,192),(512,192)
(640,480),(608,480),(608,544),(640,544),(640,480)
(736,544),(736,576),(704,608),(736,640),(768,640),(768,608),(800,608),(832,640),(960,640),(928,608),(896,608),(864,576),(896,544),(800,448),(800,416),(768,416),(768,448),(736,448),(736,480),(704,512),(704,544),(736,544)
(1152,672),(1152,640),(1120,640),(1120,672),(1152,672)
(960,512),(960,480),(928,448),(960,416),(1056,416),(1056,448),(1024,480),(1024,512),(992,544),(960,512)
(1152,320),(1152,288),(1120,256),(1120,224),(1088,224),(1088,352),(1120,384),(1152,384),(1184,352),(1184,320),(1152,320)
(928,224),(928,256),(960,288),(960,320),(928,352),(1024,352),(992,320),(992,288),(1024,256),(1024,224),(928,224)
(800,96),(768,128),(736,128),(736,96),(800,96)
(800,96),(1120,96),(800,96)
(1216,192),(1248,192),(1248,160),(1216,160),(1216,192)
(901,115),(905,104),(919,103),(923,117),(911,123),(901,115)
(901,203),(905,216),(917,214),(920,205),(912,196),(901,203)
(996,113),(1000,101),(1014,104),(1016,115),(1006,122),(996,113)
(1091,112),(1099,100),(1111,103),(1112,116),(1100,122),(1091,112)
(1092,205),(1097,217),(1109,217),(1112,205),(1102,196),(1092,205)
(995,205),(1001,216),(1014,216),(1017,205),(1008,196),(995,205)
(160,96),(128,96),(160,96)
}

collisionPeople {
(128,96),(1248,96),(128,96)
(1152,128),(1152,160),(1184,160),(1184,128),(1152,128)
(1088,128),(1088,96),(1120,96),(1120,128),(1152,128),(1088,128)
(1120,224),(1120,192),(1088,192),(1088,224),(1120,224)
(992,224),(992,192),(1024,192),(1024,224),(992,224)
(896,224),(896,192),(928,192),(928,224),(896,224)
(928,96),(896,96),(896,128),(928,128),(928,96)
(1024,96),(1024,128),(992,128),(992,96),(1024,96)
(1024,256),(1088,256),(1088,224),(1024,224),(1024,256)
(1152,384),(1152,416),(1120,416),(1120,384),(1152,384)
(1056,544),(1088,544),(1088,512),(1056,512),(1056,544)
(352,544),(288,544),(288,576),(352,576),(352,544)
(480,448),(480,416),(448,416),(448,448),(480,448)
(480,640),(512,640),(512,608),(480,608),(480,640)
(896,384),(896,416),(864,416),(864,384),(896,384)
(320,192),(352,192),(352,160),(320,160),(320,192)
(1088,608),(1088,672),(1056,672),(1056,608),(1088,608)
(1152,672),(1152,704),(1120,704),(1120,672),(1152,672)
(624,128),(624,160),(640,160),(640,144),(608,144),(608,128),(624,128)
(720,192),(720,176),(704,176),(704,192),(720,192)
(608,224),(624,224),(624,240),(608,240),(608,224)
(816,224),(816,192),(832,192),(832,208),(800,208),(800,224),(816,224)
(912,288),(912,256),(928,256),(928,272),(896,272),(896,288),(912,288)
(872,384),(896,360),(888,352),(864,376),(872,384)
(992,416),(992,400),(960,400),(960,416),(992,416)
(1056,464),(1056,448),(1072,448),(1072,464),(1056,464)
(864,512),(864,496),(880,496),(880,512),(864,512)
(736,704),(736,688),(704,688),(704,704),(736,704)
(720,480),(720,448),(704,448),(704,464),(736,464),(736,480),(720,480)
(512,608),(512,622),(543,624),(543,639),(529,639),(528,608),(512,608)
(576,600),(600,576),(608,584),(584,608),(576,600)
(496,608),(496,592),(480,592),(480,608),(496,608)
(560,704),(560,672),(576,672),(576,688),(544,688),(544,704),(560,704)
(400,640),(400,624),(384,624),(384,640),(400,640)
(400,416),(400,400),(384,400),(384,416),(400,416)
(480,344),(504,320),(512,328),(488,352),(480,344)
(400,288),(400,272),(384,272),(384,288),(400,288)
(512,192),(512,176),(480,176),(480,192),(512,192)
(160,736),(160,704),(192,704),(192,736),(160,736)
(256,736),(256,704),(240,704),(240,736),(256,736)
(624,464),(624,480),(608,480),(608,512),(592,512),(576,496),(576,464),(624,464)
(240,480),(240,448),(256,448),(256,464),(224,464),(224,480),(240,480)
(224,624),(192,624),(192,608),(208,608),(208,640),(224,640),(224,624)
(752,368),(752,352),(736,352),(736,368),(752,368)
(1088,352),(1088,320),(1072,320),(1072,352),(1088,352)
(896,128),(896,128),(896,128)
(896,128),(864,128),(896,128)
(992,544),(992,576),(976,576),(976,544),(992,544)
(416,472),(408,480),(384,456),(392,448),(416,472)
(224,288),(240,288),(240,272),(224,272),(224,288)
(1056,152),(1048,160),(1024,136),(1032,128),(1056,152)
(1008,192),(1008,176),(992,176),(992,192),(1008,192)
(1216,712),(1208,704),(1184,728),(1192,736),(1216,712)
}

spawns {
(0,144,112);(0,144,176);(0,208,144);(0,208,208);(0,272,112);(0,272,176);(0,336,144);(0,336,208);(0,400,112);(0,400,176);(1,1232,720);(1,1168,688);(1,1232,656);(1,1168,624);(1,1104,656);(1,1104,720);(1,1104,592);(1,1040,624);(1,1040,688);(1,976,656)
}

waypoints {
(169,321);(204,435);(162,561);(170,676);(280,609);(415,598);(549,568);(542,438);(502,676);(460,370);(353,474);(336,371);(422,252);(509,154);(1084,394);(739,147);(857,157);(863,271);(973,146);(1057,197);(1125,152);(661,436);(676,561);(684,666);(821,672);(941,672);(938,556);(885,455);(960,377);(1084,395);(808,369);(1040,294);(1106,475);(1187,256);(1208,402);(1149,592);(1043,719);(1188,256);(657,257);(638,182);(236,211)
}

guns {
}
