tiles {
1,1,1,1,1,1,1,1,1,1,1,1,1,1,1,1,1,1,1,1,1,1,1,1,1,1,1,1,1,1,1,1,1,1,1,1,1,1,1,1,1,1,1,1,1,1,1,1,1,1,1,1,1,1,1,1,1,1,1,1,1,1,1,1,1,1,1,1,1,1
1,1,1,1,1,1,1,1,1,1,1,1,1,1,1,1,1,1,1,1,1,1,1,1,1,1,1,1,1,1,1,1,1,1,1,1,1,1,1,1,1,1,1,1,1,1,1,1,1,1,1,1,1,1,1,1,1,1,1,1,1,1,1,1,1,1,1,1,1,1
1,1,10,10,10,10,10,4,4,4,4,4,17,4,4,4,4,4,4,4,4,4,10,4,4,4,4,4,4,4,4,4,4,4,4,4,4,4,4,4,4,10,4,10,10,10,10,10,4,4,4,4,4,4,4,4,4,4,4,4,4,10,10,4,4,4,4,4,4,17
1,1,10,10,10,10,10,4,4,4,4,4,4,4,4,4,4,4,17,4,4,4,10,4,4,4,4,4,4,10,4,4,4,4,10,4,4,4,4,10,4,4,10,10,10,10,10,10,4,4,4,4,4,10,4,4,4,4,4,4,4,10,10,4,4,4,4,4,4,10
1,1,4,4,4,4,4,4,4,4,4,4,17,4,4,4,4,4,4,4,4,4,10,10,4,4,4,4,4,10,4,4,4,4,4,4,4,4,4,4,4,4,10,10,10,10,4,4,4,4,10,4,4,4,4,4,4,10,10,4,4,10,10,4,4,4,4,4,10,17
1,1,5,5,5,5,5,5,5,5,5,5,5,5,5,5,5,5,17,5,5,5,5,5,5,5,5,5,5,5,5,5,10,5,10,5,5,5,5,5,5,5,10,10,10,10,5,5,5,5,5,5,5,5,5,5,5,10,10,5,5,5,5,5,5,10,5,5,10,10
1,1,4,4,4,4,4,4,4,4,10,4,17,4,4,4,4,4,4,4,4,4,4,4,10,4,4,10,4,4,4,4,4,4,10,4,4,4,4,4,10,4,10,10,10,10,10,10,4,4,4,4,4,10,4,4,4,4,4,4,4,4,4,4,4,4,4,4,10,17
1,1,4,4,4,4,4,4,4,4,10,4,4,4,4,4,4,4,17,4,4,4,4,4,10,4,4,10,10,4,4,4,4,4,4,4,10,4,4,10,4,4,10,10,10,10,10,4,4,4,19,4,4,4,4,10,4,4,4,4,4,4,10,10,4,4,4,4,4,10
1,1,4,4,4,4,4,4,4,4,10,4,17,4,4,4,4,4,4,4,4,4,4,4,10,4,4,4,4,4,4,4,4,4,4,4,4,4,4,4,4,4,4,10,10,10,10,4,4,4,4,4,4,4,4,4,4,4,4,4,4,4,10,10,4,4,4,4,4,17
1,1,1,1,1,1,1,1,1,1,1,1,1,1,1,1,1,1,14,12,12,12,13,1,1,1,1,1,1,1,1,1,1,1,1,18,18,18,1,1,1,1,1,1,1,1,1,1,18,18,18,1,1,1,1,1,1,1,1,1,14,12,12,12,12,13,1,1,1,1
1,1,1,1,1,1,1,6,7,8,1,1,1,1,1,1,1,1,1,12,12,12,1,1,1,1,1,1,1,1,1,1,1,1,1,0,0,0,1,1,1,1,1,1,1,1,1,1,0,0,0,1,1,1,1,1,1,1,1,1,1,12,12,12,12,1,1,1,1,1
1,1,1,1,1,1,1,1,1,1,1,1,1,1,1,1,1,1,1,11,12,12,1,1,1,1,1,1,1,1,1,1,1,1,1,0,0,0,16,1,1,1,1,1,1,1,1,15,0,0,0,1,1,1,1,1,1,1,1,1,1,12,12,11,11,1,1,1,1,1
1,1,0,0,0,0,0,0,0,0,0,0,0,0,0,0,16,1,1,11,12,12,1,1,1,1,1,1,1,1,1,1,1,1,1,10,0,0,12,12,12,12,12,12,11,12,12,12,0,0,0,1,1,1,1,1,1,1,1,1,1,12,12,12,12,1,1,1,1,1
1,1,0,0,0,0,0,0,0,10,10,0,0,0,0,0,12,11,11,11,12,12,1,1,1,1,1,1,1,1,1,1,1,1,1,0,0,0,12,12,12,11,12,12,12,12,12,12,0,0,0,1,1,1,1,1,1,1,1,1,1,11,12,12,12,1,1,1,1,1
1,1,0,0,0,10,0,0,0,10,10,0,0,0,0,0,12,12,12,12,12,12,1,1,1,1,1,1,1,1,1,1,1,1,15,0,0,0,13,1,1,1,1,1,1,1,1,14,0,0,0,1,1,1,1,1,1,1,1,1,1,11,11,12,12,1,1,1,1,1
1,1,0,0,0,10,0,0,0,0,0,0,0,0,0,0,12,12,12,12,12,12,12,12,12,12,12,11,11,12,12,12,12,12,12,0,0,0,1,1,1,1,1,1,1,1,1,1,0,0,0,1,1,1,1,1,1,1,1,1,1,12,12,12,12,1,1,1,1,1
1,1,0,0,0,10,0,0,0,0,0,0,0,0,0,0,13,1,1,12,12,12,12,12,12,12,12,11,11,12,12,12,12,12,12,0,0,0,1,1,1,1,1,1,1,1,1,1,10,10,0,0,0,0,0,10,0,0,16,1,1,12,12,12,12,12,12,12,1,1
1,1,12,12,12,1,1,1,1,1,1,1,1,1,1,1,1,1,1,12,12,12,12,12,12,12,12,11,11,12,12,12,12,12,12,0,10,10,1,1,1,1,1,1,1,1,1,1,0,0,0,0,0,0,0,10,0,0,12,11,12,12,12,12,12,12,12,12,1,1
1,1,12,12,12,1,1,1,1,1,1,1,1,1,1,1,1,1,1,12,12,12,1,1,1,1,1,1,1,1,1,1,1,1,14,0,0,0,1,1,1,1,1,1,1,1,1,1,0,0,0,0,0,0,0,0,0,0,12,11,12,12,12,12,12,12,12,12,11,1
1,1,12,12,12,1,1,1,1,1,1,1,1,1,1,1,1,1,1,12,12,12,1,1,1,1,1,1,1,1,1,1,1,1,1,0,0,0,1,1,1,1,1,1,1,1,1,1,0,0,0,10,10,0,0,0,0,0,12,12,12,12,12,12,12,12,12,12,11,1
1,1,12,12,12,1,1,1,1,1,1,1,1,1,1,1,1,1,1,12,11,11,1,1,1,1,1,1,1,1,1,1,1,1,1,0,0,0,1,1,1,1,1,1,1,1,1,1,0,0,0,10,10,0,0,0,0,0,13,1,1,12,12,12,12,1,1,1,1,1
1,1,12,12,12,1,1,1,1,1,1,1,1,1,1,1,1,1,1,12,12,12,1,1,1,1,1,1,1,1,1,1,1,1,1,0,0,0,1,1,1,1,1,1,1,1,1,1,0,0,0,1,1,1,1,1,1,1,1,1,1,12,12,12,12,1,1,1,1,1
1,1,12,12,12,16,1,1,1,1,1,1,1,1,1,1,1,1,1,12,12,12,1,1,1,1,1,1,1,1,1,1,1,1,1,0,0,0,1,1,1,1,1,1,1,1,1,1,0,0,0,1,1,1,1,1,1,1,1,1,1,12,12,12,12,1,1,1,1,1
1,1,14,12,12,12,16,1,1,1,1,1,1,1,1,1,1,1,11,12,12,12,1,1,1,1,1,1,1,1,1,1,1,1,1,0,0,0,1,1,1,1,1,1,1,1,1,1,0,0,0,1,1,1,1,1,1,1,1,1,1,11,11,12,12,1,1,1,1,1
1,1,1,14,12,12,12,16,1,1,1,1,1,1,1,1,1,1,11,12,12,12,1,1,1,1,1,1,1,1,1,1,1,1,1,0,0,0,1,1,1,1,1,1,1,1,1,1,0,0,0,1,1,1,1,1,1,1,1,1,1,12,12,12,12,1,1,1,1,1
1,1,1,1,14,12,12,12,16,1,1,1,1,1,1,1,1,1,1,12,12,12,1,1,1,1,1,1,1,1,1,1,1,1,1,0,0,0,1,1,1,1,1,1,1,1,1,1,10,10,10,1,1,1,1,1,1,1,1,1,1,12,12,12,12,1,1,1,1,1
1,1,1,1,1,14,12,12,12,16,1,1,1,1,1,1,1,1,1,12,12,12,1,1,1,1,1,1,1,1,1,1,1,1,1,0,0,0,1,1,1,1,1,1,1,1,1,1,10,10,10,1,12,12,12,12,1,1,1,1,1,12,12,11,11,1,1,1,1,1
1,1,1,1,1,1,14,12,12,12,16,1,1,1,1,1,1,1,1,12,12,12,1,1,1,1,1,1,1,1,1,1,1,1,1,9,9,10,10,9,9,9,9,9,9,9,9,9,9,9,9,16,12,11,11,12,16,1,1,1,1,12,12,12,12,1,1,1,1,1
1,1,1,1,1,1,1,12,12,12,12,16,1,1,1,1,1,1,1,12,12,12,1,1,1,1,1,1,1,1,1,1,1,1,1,9,9,10,10,9,9,9,9,9,9,9,10,10,9,9,9,12,12,11,11,12,12,12,12,11,12,12,12,12,12,1,1,1,1,1
1,1,1,1,1,1,1,12,12,12,12,12,12,12,12,12,12,12,12,12,12,12,1,1,1,1,1,1,1,1,1,1,1,1,1,9,9,10,9,9,9,9,9,9,9,9,10,10,9,9,9,12,12,12,12,12,12,12,12,12,12,12,12,12,12,1,1,1,1,1
1,1,1,1,1,1,1,12,12,12,12,12,12,12,12,11,11,12,12,12,12,12,1,1,1,1,1,1,1,1,1,1,1,1,1,9,9,9,9,9,9,9,9,9,9,9,10,9,9,9,9,13,1,1,1,1,1,1,1,1,1,12,12,12,12,1,1,1,1,1
1,1,1,1,1,1,1,11,12,12,14,12,12,12,12,11,11,12,12,12,12,12,1,1,1,1,1,1,1,1,1,1,1,1,1,9,9,9,9,9,9,9,9,9,9,9,9,9,9,9,9,1,1,1,1,1,1,1,1,1,1,12,12,12,12,1,1,1,1,1
1,1,1,1,1,1,1,11,11,12,1,14,12,12,12,12,12,12,12,12,12,12,1,1,1,1,1,1,1,1,1,1,1,1,1,9,9,9,9,9,9,9,9,9,9,9,9,9,9,9,9,1,1,1,1,1,1,1,1,1,1,12,12,12,12,1,1,1,1,1
1,1,1,1,1,1,1,11,11,12,1,1,1,1,1,1,1,1,1,12,12,12,1,1,1,1,1,1,1,1,1,1,1,1,1,9,9,9,9,10,10,10,10,9,9,9,9,9,10,10,10,1,1,1,1,1,1,1,1,1,1,11,11,12,12,1,1,1,1,1
1,1,1,1,1,1,1,12,12,12,1,1,1,1,1,1,1,1,15,12,12,12,16,1,1,1,1,1,1,1,1,1,1,1,1,9,9,9,9,10,10,10,10,9,9,9,9,9,10,10,10,1,1,1,1,1,1,1,1,1,1,11,11,12,12,1,1,1,1,1
1,1,1,1,1,1,1,12,12,12,1,1,1,1,1,1,1,1,0,0,0,0,0,1,1,1,1,1,1,1,1,1,1,1,1,9,9,9,9,9,9,9,9,9,9,9,9,9,9,9,9,1,1,1,1,1,1,1,1,1,1,11,11,12,12,1,1,1,1,1
1,1,1,1,1,1,1,12,12,12,1,1,1,1,1,1,1,1,10,10,10,0,0,1,1,1,1,1,1,1,1,1,1,1,1,9,9,9,9,9,9,9,9,10,9,9,9,9,9,9,9,1,1,1,1,1,1,1,1,1,1,11,11,12,12,1,1,1,1,1
1,1,1,1,1,1,1,12,12,12,1,1,1,1,1,1,1,1,10,10,10,0,0,1,1,1,1,1,1,1,1,1,1,1,1,10,10,10,9,9,9,9,9,10,10,10,10,9,9,9,9,1,1,1,1,1,1,1,1,1,1,12,12,12,12,1,1,1,1,1
1,1,1,1,1,1,1,12,12,12,1,1,1,1,1,1,1,1,0,0,0,0,0,2,1,1,1,1,1,1,1,1,1,1,1,10,10,10,9,9,9,9,9,9,9,9,9,9,9,9,9,1,1,1,1,1,1,1,1,1,1,12,12,12,12,1,1,1,1,1
1,1,1,1,1,1,1,12,12,12,1,1,1,1,1,1,1,1,3,0,0,0,0,0,0,0,0,0,10,0,0,0,0,0,0,9,9,9,9,9,9,9,9,9,9,9,9,9,9,9,9,1,1,1,1,1,1,1,1,1,1,12,12,12,12,1,1,1,1,1
1,1,1,1,1,1,15,12,12,12,16,1,1,1,1,1,1,1,1,3,0,0,0,0,0,10,10,0,0,0,0,0,0,0,0,9,9,9,9,9,9,9,9,9,10,10,9,9,9,9,9,1,1,1,1,1,1,1,1,1,1,12,12,11,11,1,1,1,1,1
1,1,1,1,1,1,0,0,0,0,10,1,1,1,1,1,1,1,1,1,1,1,1,1,1,1,1,1,1,1,1,1,1,1,1,10,10,10,9,9,9,9,9,9,10,10,9,9,9,9,9,1,1,1,1,1,1,1,1,1,1,12,12,11,11,1,1,1,1,1
1,1,1,1,1,1,10,0,0,0,0,1,1,1,1,1,1,1,1,1,1,1,1,1,1,1,1,1,1,1,1,1,1,1,1,9,9,9,9,9,9,9,9,9,9,9,9,9,9,9,9,1,1,1,1,1,1,1,1,1,1,12,12,12,12,1,1,1,1,1
1,1,1,1,1,1,20,20,20,20,20,1,1,1,1,1,1,1,1,1,1,1,1,1,1,1,1,1,1,1,1,1,1,1,1,1,1,1,1,1,20,20,20,20,1,1,1,1,1,1,1,1,1,1,1,1,1,1,1,1,15,12,12,12,12,16,1,1,1,1
10,10,4,4,4,4,4,4,10,10,4,4,4,4,4,4,4,4,4,4,4,4,4,4,4,4,4,17,4,4,4,4,17,4,4,4,4,4,4,4,4,4,4,4,4,4,4,4,4,4,4,4,4,4,4,4,17,4,4,4,4,4,4,4,4,4,10,10,10,10
10,4,4,4,4,4,4,4,10,10,4,4,4,4,4,4,4,10,10,4,4,4,4,4,4,4,4,4,4,4,4,4,4,4,4,4,4,4,10,10,4,4,4,4,4,4,4,4,10,10,10,4,4,4,4,4,4,4,17,4,4,4,4,4,4,4,10,10,10,10
10,4,4,4,4,4,4,4,4,4,4,4,4,4,4,4,4,10,10,4,4,4,4,10,10,10,4,17,4,4,4,4,17,4,4,4,4,4,10,10,4,4,4,4,4,4,4,4,4,4,4,4,4,4,4,4,17,4,4,4,4,4,4,4,10,10,10,4,10,10
10,10,5,5,5,10,10,5,5,5,5,5,5,10,10,5,5,10,10,5,5,5,5,10,10,10,5,5,5,5,5,5,5,5,5,5,5,5,5,5,5,5,5,5,5,5,5,5,5,5,5,5,5,5,5,5,5,5,17,5,5,5,5,10,5,5,5,5,5,10
10,4,4,4,4,10,10,4,4,4,4,4,10,10,4,4,4,10,10,4,4,4,4,4,4,4,4,17,4,4,4,4,17,4,4,4,4,4,4,4,19,10,19,10,19,10,19,10,19,10,19,10,19,10,19,10,17,4,4,4,4,4,4,4,4,4,4,4,10,10
10,4,4,4,4,4,4,4,4,4,4,4,4,4,4,4,4,4,4,4,4,4,4,4,4,4,4,4,4,4,4,4,4,4,10,10,4,4,4,4,4,4,4,4,4,4,4,4,4,4,4,4,4,4,4,4,4,4,17,4,4,4,4,4,10,10,10,10,10,10
10,10,4,4,4,4,4,4,4,4,4,4,4,4,4,4,4,4,4,4,4,4,4,4,4,4,4,17,4,4,4,4,17,4,10,10,4,4,4,4,4,4,4,4,4,4,4,4,4,4,4,4,4,4,4,4,17,4,4,4,4,4,4,4,4,4,4,4,10,10
1,1,1,1,1,1,14,12,12,12,13,1,1,1,1,1,1,1,1,1,1,1,1,1,1,1,1,1,18,18,18,18,1,1,1,1,1,1,1,1,18,18,18,18,1,1,1,1,1,1,1,1,18,18,18,18,1,1,1,1,1,1,1,1,1,1,1,1,1,1
1,1,1,1,1,1,1,12,12,12,1,1,1,1,1,1,1,1,1,1,1,1,1,1,1,15,0,10,10,0,0,0,1,1,1,1,1,1,1,1,0,10,0,0,1,1,1,1,1,1,1,1,0,0,0,0,0,0,0,0,0,10,0,0,0,0,0,0,0,1
1,1,1,1,1,1,1,12,12,12,12,12,11,12,12,12,12,12,12,12,12,12,12,11,11,12,0,10,10,0,0,0,1,1,1,1,1,1,1,1,0,0,0,0,1,1,1,1,1,1,1,1,0,0,0,0,0,0,10,0,0,0,0,0,0,0,0,0,0,1
1,1,1,1,1,1,1,12,12,12,12,12,11,12,12,12,12,12,11,11,12,12,12,11,11,12,0,0,0,0,0,0,1,1,1,1,1,1,1,1,0,0,0,10,1,1,1,1,1,1,1,1,0,0,0,0,1,1,1,1,1,1,1,1,1,1,14,12,12,1
1,1,1,1,1,1,1,12,12,12,12,12,12,12,12,12,12,12,11,11,12,12,12,12,12,12,0,0,0,0,0,0,1,1,1,1,1,1,1,1,0,0,0,0,1,1,1,1,1,1,1,1,10,10,0,0,1,1,1,1,1,1,1,1,1,1,1,12,12,1
1,1,1,1,1,1,1,12,12,12,1,1,1,1,1,1,1,1,1,1,1,1,1,1,1,14,0,0,0,0,0,0,0,0,10,0,0,0,0,0,0,0,0,0,1,1,1,1,1,1,1,1,10,10,0,0,1,1,1,1,1,1,1,1,1,1,1,12,12,1
1,1,1,1,1,1,1,12,12,12,1,1,1,1,1,1,1,1,1,1,1,1,1,1,1,1,0,0,0,0,0,0,0,0,0,0,10,0,0,0,0,0,0,0,1,1,1,1,1,1,1,1,0,0,0,0,1,1,1,1,1,1,1,1,1,1,1,12,12,1
1,1,1,1,1,1,1,11,11,12,1,1,1,1,1,1,1,1,1,1,1,1,1,1,1,1,0,0,0,0,10,10,1,1,1,1,1,1,1,1,10,10,10,10,1,1,1,1,1,1,1,1,0,0,0,0,1,11,11,12,12,12,12,12,12,12,12,12,12,1
1,1,1,1,1,1,1,11,11,12,1,1,1,1,1,1,1,1,1,1,1,1,1,1,1,1,10,10,0,0,0,10,1,1,1,1,1,1,1,1,10,10,10,10,1,1,1,1,1,1,1,1,0,0,10,10,1,11,11,12,12,12,12,12,12,12,12,12,12,1
1,1,1,1,1,1,1,12,12,12,1,1,1,1,1,1,1,1,1,1,1,1,1,1,1,1,10,10,0,0,0,0,1,1,1,1,1,1,1,1,0,0,0,0,1,1,1,1,1,1,1,1,0,0,0,0,1,12,12,12,11,11,12,12,12,1,1,1,1,1
1,1,1,1,1,1,1,12,12,12,1,1,1,1,1,1,1,1,1,1,1,1,1,1,1,1,0,0,0,0,0,0,1,1,1,1,1,1,1,1,0,0,0,0,1,1,1,1,1,1,1,1,10,10,0,0,1,12,12,12,11,11,12,12,12,1,6,7,8,1
1,1,1,1,1,1,1,12,12,11,1,1,1,1,1,1,1,1,1,1,1,1,1,1,1,1,0,0,0,10,10,10,1,1,1,1,1,1,1,1,0,0,0,0,1,1,1,1,1,1,1,1,10,10,0,0,1,12,12,12,12,12,12,12,12,1,1,1,1,1
1,1,1,1,1,1,1,12,12,12,1,1,1,1,1,1,1,1,1,1,1,1,1,1,1,15,0,0,0,10,10,10,1,1,1,1,1,1,1,1,0,0,0,0,1,1,1,1,1,1,1,1,0,0,0,0,16,12,12,12,12,12,12,12,12,12,11,11,11,11
1,1,1,1,1,1,1,12,12,12,12,11,12,12,12,12,12,12,12,11,11,12,12,12,12,12,0,0,0,0,0,0,1,1,1,1,1,1,1,1,14,12,12,13,1,1,1,1,1,1,1,1,0,0,0,0,12,12,12,12,12,12,12,12,12,12,11,11,11,11
1,1,1,1,1,1,1,12,11,12,12,11,12,12,12,12,12,12,12,11,11,12,12,12,12,12,0,0,0,0,0,0,16,1,1,1,1,1,1,1,1,12,12,1,1,1,1,1,1,1,1,15,0,0,0,0,12,12,12,12,11,11,12,12,12,12,12,12,11,11
1,1,1,1,1,1,1,14,12,12,12,12,12,12,12,11,12,12,12,12,12,12,12,12,12,12,0,0,0,0,0,0,12,12,12,11,12,12,12,12,12,12,12,12,12,12,11,11,12,12,12,12,0,0,0,0,13,1,1,1,11,11,12,12,12,12,12,12,11,11
1,1,1,1,1,1,1,1,1,1,1,1,1,1,1,1,1,1,1,1,1,1,1,1,1,14,0,0,10,10,10,0,12,12,12,12,12,12,12,12,11,11,12,12,12,12,12,12,12,12,12,12,0,10,10,10,1,1,1,1,1,1,1,1,1,1,1,1,1,1
1,1,1,1,1,1,1,1,1,1,1,1,1,1,1,1,1,1,1,1,1,1,1,1,1,1,10,10,10,10,10,10,13,1,1,1,1,1,1,1,1,1,1,1,1,1,1,1,1,1,1,1,1,1,1,1,1,1,1,1,1,1,1,1,1,1,1,1,1,1
1,1,1,1,1,1,1,1,1,1,1,1,1,1,1,1,1,1,1,1,1,1,1,1,1,1,10,10,10,10,10,10,1,1,1,1,1,1,1,1,1,1,1,1,1,1,1,1,1,1,1,1,1,1,1,1,1,1,1,1,1,1,1,1,1,1,1,1,1,1
}

collision {
(224,64),(384,64),(384,96),(416,96),(416,64),(704,64),(704,160),(768,160),(768,128),(736,128),(736,64),(1312,64),(1312,96),(1344,96),(1344,256),(1376,256),(1376,288),(1216,288),(1216,352),(1248,384),(1408,384),(1408,416),(1440,416),(1440,384),(1504,384),(1536,352),(1536,288),(1504,288),(1504,224),(1536,224),(1536,192),(1472,192),(1472,128),(1536,128),(1536,64),(1952,64),(1952,160),(2016,160),(2016,64),(2208,64),(2208,96),(2208,128),(2176,128),(2176,224),(2208,224),(2208,288),(2112,288),(2080,320),(2080,352),(2016,352),(2016,384),(2080,384),(2080,512),(2176,512),(2176,640),(2080,640),(2080,832),(2016,832),(2016,864),(2080,864),(2080,1280),(2016,1280),(2016,1344),(2080,1344),(2080,1376),(2112,1408),(2112,1472),(2048,1472),(2048,1504),(2016,1504),(2016,1536),(2048,1536),(2048,1504),(2144,1504),(2144,1472),(2176,1472),(2176,1504),(2208,1504),(2208,1536),(2176,1536),(2176,1568),(2048,1568),(2048,1600),(2176,1600),(2176,1632),(1824,1632),(1824,1600),(1792,1600),(1792,1664),(1952,1664),(1952,1696),(1984,1696),(1984,1664),(2208,1664),(2208,1920),(2080,1920),(2080,2016),(2112,2016),(2112,2080),(2176,2080),(2176,2144),(1984,2144),(1984,2080),(1920,2080),(1920,2112),(1824,2112),(1792,2144),(1696,2144),(1696,2176),(1344,2176),(1344,2144),(1280,2144),(1280,2176),(1056,2176),(1024,2208),(1024,2176),(992,2176),(992,2144),(896,2144),(896,2176),(832,2176),(800,2144),(512,2144),(512,2112),(480,2112),(480,2144),(256,2144),(224,2112),(224,1920),(288,1920),(288,1856),(224,1856),(224,1664),(192,1632),(64,1632),(64,1600),(32,1600),(32,1536),(64,1536),(64,1504),(32,1504),(32,1440),(64,1440),(64,1408),(192,1408),(192,1376),(224,1376),(224,1344),(192,1344),(192,1312),(224,1280),(224,1088),(288,1088),(288,1024),(256,1024),(256,992),(224,992),(224,896),(64,736),(64,384),(512,384),(544,416),(544,448),(640,448),(640,352),(608,352),(608,320),(576,288),(416,288),(416,256),(384,256),(384,288),(352,288),(352,192),(320,192),(320,288),(64,288),(64,128),(224,128),(224,64)
(384,192),(416,192),(416,224),(384,224),(384,192)
(384,128),(416,128),(416,160),(384,160),(384,128)
(576,160),(608,160),(608,192),(608,192),(576,192),(576,160)
(576,224),(608,224),(608,256),(576,256),(576,224)
(576,96),(608,96),(608,128),(576,128),(576,96)
(800,192),(800,288),(1120,288),(1120,384),(1152,384),(1152,416),(1120,416),(1120,448),(1088,480),(928,480),(928,576),(1088,576),(1120,608),(1120,1184),(1216,1184),(1216,1248),(928,1248),(928,1280),(896,1280),(896,1248),(768,1248),(736,1216),(736,1120),(704,1088),(704,672),(704,672),(640,672),(640,640),(704,640),(704,576),(864,576),(864,480),(704,480),(704,320),(736,288),(768,288),(768,192),(800,192)
(928,224),(896,224),(896,192),(864,192),(864,256),(928,256),(928,224)
(928,160),(928,96),(960,96),(960,160),(928,160)
(1024,160),(1056,160),(1056,192),(1024,192),(1024,160)
(1120,224),(1088,224),(1088,160),(1120,160),(1120,192),(1120,224)
(1088,96),(1120,96),(1120,128),(1088,128),(1088,96)
(1152,224),(1184,256),(1184,224),(1152,224),(1184,224),(1152,224),(1184,256),(1152,256),(1152,224)
(1248,224),(1280,224),(1280,192),(1312,192),(1312,224),(1280,224),(1280,256),(1248,256),(1248,224)
(1248,96),(1280,96),(1280,128),(1248,128),(1248,96)
(1600,224),(1632,224),(1632,256),(1600,256),(1600,224)
(1600,128),(1632,128),(1632,160),(1600,160),(1600,128)
(1696,192),(1728,192),(1728,224),(1696,224),(1696,192)
(1696,96),(1728,96),(1728,128),(1696,128),(1696,96)
(1824,128),(1888,128),(1824,128),(1888,128),(1888,160),(1888,192),(1824,192),(1824,128)
(1760,224),(1792,224),(1792,256),(1792,256),(1760,256),(1760,224)
(1984,288),(1984,224),(2048,224),(2048,288),(2016,288),(1984,288)
(1632,512),(1760,512),(1760,576),(1792,576),(1792,512),(1856,512),(1888,544),(1888,608),(1920,608),(1920,544),(1952,544),(1952,480),(2016,480),(2016,448),(1984,448),(1984,416),(1952,416),(1952,320),(1920,288),(1632,288),(1632,512)
(1536,480),(1536,512),(1600,512),(1600,544),(1600,544),(1536,544),(1536,800),(1632,800),(1632,608),(1696,608),(1696,672),(1856,672),(1888,640),(1952,640),(1952,736),(2016,736),(2016,768),(1952,768),(1952,896),(1920,896),(1920,928),(1888,928),(1888,896),(1824,896),(1792,864),(1792,832),(1664,832),(1664,896),(1632,864),(1536,864),(1248,864),(1248,928),(1216,928),(1216,960),(1184,960),(1184,864),(1216,864),(1216,576),(1152,576),(1152,544),(1216,544),(1216,480),(1248,448),(1312,448),(1312,416),(1344,416),(1344,448),(1504,448),(1536,480)
(608,512),(608,928),(384,928),(160,704),(160,448),(192,448),(192,544),(512,544),(544,512),(608,512)
(480,1024),(512,1024),(544,1024),(544,960),(480,960),(480,1024)
(1248,1056),(1376,1056),(1376,1088),(1376,1120),(1248,1120),(1248,1056)
(384,1056),(608,1056),(608,1088),(576,1120),(576,1152),(672,1152),(672,1216),(576,1216),(576,1248),(640,1312),(800,1312),(800,1280),(864,1280),(864,1312),(1216,1312),(1216,1344),(1120,1344),(1120,1376),(1280,1376),(1280,1408),(1056,1408),(1056,1440),(1024,1440),(1024,1408),(896,1408),(896,1440),(864,1440),(864,1408),(352,1408),(352,1344),(320,1344),(320,1312),(352,1312),(320,1280),(320,992),(384,1056)
(1408,1376),(1632,1376),(1632,1120),(1536,1120),(1536,1056),(1632,1056),(1632,992),(1664,960),(1952,960),(1952,1056),(2016,1056),(2016,1184),(1952,1184),(1952,1376),(1920,1408),(1824,1408),(1824,1440),(1792,1440),(1792,1408),(1408,1408),(1408,1376)
(288,416),(352,416),(352,480),(288,480),(288,416)
(2080,160),(2112,160),(2112,192),(2080,192),(2080,160)
(1472,896),(1536,896),(1536,960),(1504,960),(1504,992),(1472,992),(1472,896)
(1696,928),(1760,928),(1760,864),(1696,864),(1696,928)
(1408,1152),(1408,1184),(1504,1184),(1504,1216),(1376,1216),(1376,1152),(1408,1152)
(1408,1280),(1472,1280),(1472,1344),(1408,1344),(1408,1280)
(160,1504),(224,1504),(224,1568),(160,1568),(160,1504)
(256,1408),(320,1408),(320,1472),(288,1472),(256,1472),(256,1408)
(384,1536),(416,1536),(416,1504),(480,1504),(480,1536),(448,1536),(448,1568),(384,1568),(384,1536)
(544,1440),(608,1440),(608,1472),(608,1568),(544,1568),(544,1440)
(736,1472),(832,1472),(832,1536),(736,1536),(736,1472)
(864,1472),(896,1472),(896,1504),(864,1504),(864,1472)
(864,1568),(896,1568),(896,1536),(864,1536),(864,1568)
(864,1600),(864,1632),(352,1632),(320,1664),(320,1696),(384,1696),(384,1760),(416,1760),(416,1696),(736,1696),(736,1760),(800,1760),(800,1696),(832,1664),(864,1664),(864,1728),(928,1728),(928,1664),(896,1664),(896,1600),(864,1600)
(1024,1472),(1056,1472),(1056,1504),(1024,1504),(1024,1472)
(1024,1536),(1056,1536),(1056,1568),(1024,1568),(1024,1536)
(1056,1600),(1056,1632),(1088,1632),(1088,1568),(1152,1568),(1152,1632),(1280,1632),(1280,1792),(1120,1792),(1120,1824),(1088,1824),(1088,1792),(1024,1792),(1024,1600),(1056,1600)
(1216,1440),(1280,1440),(1280,1504),(1216,1504),(1216,1440)
(1280,1536),(1824,1536),(1824,1568),(1280,1568),(1280,1536)
(1312,1696),(1344,1696),(1344,1664),(1312,1664),(1312,1696)
(1536,1440),(1632,1440),(1632,1472),(1536,1472),(1536,1440)
(1792,1472),(1824,1472),(1824,1504),(1792,1504),(1792,1472)
(1856,1504),(1888,1504),(1888,1536),(1856,1536),(1856,1504)
(1856,1440),(1888,1440),(1888,1472),(1856,1472),(1856,1440)
(1856,1600),(1888,1600),(1888,1568),(1856,1568),(1856,1600)
(1408,1632),(1408,1728),(1376,1728),(1376,1760),(1408,1760),(1408,1856),(1184,1856),(1184,1824),(1152,1824),(1152,1856),(960,1856),(960,1888),(992,1888),(992,1920),(1024,1920),(1024,1984),(928,1984),(928,2048),(1024,2048),(1024,2080),(1056,2112),(1120,2112),(1120,2144),(1152,2144),(1152,2112),(1312,2112),(1312,2080),(1280,2048),(1280,1920),(1408,1920),(1408,2048),(1376,2080),(1376,2112),(1472,2112),(1472,2144),(1536,2144),(1536,2112),(1632,2112),(1664,2080),(1664,2016),(1728,2016),(1728,1952),(1664,1952),(1664,1824),(1728,1824),(1728,1760),(1664,1760),(1664,1632),(1408,1632)
(256,2080),(288,2080),(288,2112),(256,2112),(256,2080)
(640,1792),(800,1792),(832,1824),(832,1888),(896,1888),(896,1952),(832,1952),(832,2016),(800,2048),(672,2048),(672,2112),(608,2112),(608,2048),(384,2048),(384,2112),(352,2112),(352,2048),(320,2048),(320,2016),(288,2016),(288,1984),(320,1984),(320,1792),(576,1792),(576,1728),(640,1728),(640,1792)
(1920,1920),(1984,1920),(1984,1984),(1920,1984),(1920,1920)
(1824,1920),(1888,1920),(1888,1856),(2144,1856),(2144,1760),(2112,1728),(1888,1728),(1888,1696),(1856,1696),(1856,1728),(1792,1728),(1792,1888),(1728,1888),(1728,1920),(1792,1920),(1792,2016),(1824,2048),(1824,1920)
}

spawns {
(1,2016,1920);(1,1952,1888);(1,2016,1984);(1,2176,1888);(1,2016,2048);(1,1856,1952);(1,2016,2112);(1,1888,2016);(1,2080,2112);(1,1888,2080);(1,2144,2112);(1,1824,2080);(1,1952,2016);(1,2112,1888);(1,2080,2048);(1,2048,1888);(0,96,160);(0,512,160);(0,352,160);(0,96,224);(0,160,224);(0,288,96);(0,448,224);(0,288,160);(0,160,160);(0,512,96);(0,352,96);(0,224,224);(0,288,224);(0,448,96);(0,448,160);(0,224,160)
}

waypoints {
(960,1296);(528,208);(656,576);(624,656);(672,1104);(704,1264);(864,1264);(880,1296);(672,336);(1312,1280);(1344,1488);(1264,1520);(1232,1600);(1472,1600);(1696,1600);(1760,1696);(1760,1792);(1760,1840);(1696,1872);(1696,1936);(1760,1952);(1760,2048);(1760,2080);(1936,2032)
}

guns {
(18,2016,1920);(18,1952,1888);(18,2016,1984);(18,2176,1888);(18,2016,2048);(18,1856,1952);(18,2016,2112);(18,1888,2016);(18,1952,2016);(18,2112,1888);(18,2048,1888);(18,2080,2048);(18,1824,2080);(18,2080,2112);(18,1888,2080);(18,2144,2112);(17,96,160);(17,160,160);(17,224,160);(17,288,160);(17,352,160);(17,288,96);(17,352,96);(17,448,96);(17,512,96);(17,448,160);(17,512,160);(17,448,224);(17,288,224);(17,224,224);(17,160,224);(17,96,224);(23,880,2160);(23,48,1488);(23,2192,1520);(23,2192,240);(23,80,400);(26,2176,1888);(26,2112,1888);(26,2048,1888);(26,1952,1888);(26,2016,1920);(26,2016,1984);(26,1952,2016);(26,1888,2016);(26,1856,1952);(26,1824,2080);(26,1888,2080);(26,2016,2048);(26,2080,2048);(26,2080,2112);(26,2144,2112);(26,2016,2112);(26,96,224);(26,160,224);(26,224,224);(26,288,224);(26,288,160);(26,352,160);(26,352,96);(26,288,96);(26,224,160);(26,160,160);(26,96,160);(26,448,224);(26,448,160);(26,512,160);(26,512,96);(26,448,96)
}
