tiles {
0,0,0,0,0,0,0,0,0,0,0,0,0,0,0,0,0,0,0,0,0,0,0,0,0,0,0,0,0,0,0,0,0,0,0
0,7,7,7,7,7,7,7,7,7,7,7,7,7,7,7,7,7,7,7,7,7,7,7,7,7,7,7,7,7,7,7,7,7,0
0,7,7,7,7,7,7,7,7,7,7,7,7,7,7,7,7,7,7,7,7,7,7,7,7,7,7,7,7,7,7,7,7,7,0
0,7,7,7,7,7,7,7,7,7,7,7,7,7,7,7,7,7,7,7,7,7,7,7,7,7,7,7,7,7,7,7,7,7,0
0,7,7,7,7,7,7,7,7,7,7,7,7,7,7,7,7,7,7,7,7,7,7,7,7,7,7,7,7,7,7,7,7,7,0
0,7,7,7,7,7,7,7,7,7,7,7,7,7,7,7,7,7,7,7,7,7,7,7,7,7,7,7,7,7,7,7,7,7,0
0,7,7,7,7,7,7,7,7,7,7,7,7,7,7,7,7,7,7,7,7,7,7,7,7,7,7,7,7,7,7,7,7,7,0
0,7,7,7,7,7,7,7,7,7,7,7,7,7,7,7,7,7,7,7,7,7,7,7,7,7,7,7,7,7,7,7,7,7,0
0,7,7,7,7,7,7,7,7,7,7,7,7,7,7,7,7,7,7,7,7,7,7,7,7,7,7,7,7,7,7,7,7,7,0
0,7,7,7,7,7,7,7,7,7,7,7,7,7,7,7,7,7,7,7,7,7,7,7,7,7,7,7,7,7,7,7,7,7,0
0,7,7,7,7,7,7,7,7,7,7,7,7,7,7,7,7,7,7,7,7,7,7,7,7,7,7,7,7,7,7,7,7,7,0
0,7,7,7,7,7,7,7,7,7,7,7,7,7,7,7,7,7,7,7,7,7,7,7,7,7,7,7,7,7,7,7,7,7,0
0,7,7,7,7,7,7,7,7,7,7,7,7,7,7,7,7,7,7,7,7,7,7,7,7,7,7,7,7,7,7,7,7,7,0
0,7,7,7,7,7,7,7,7,7,7,7,7,7,7,7,7,7,7,7,7,7,7,7,7,7,7,7,7,7,7,7,7,7,0
0,7,7,7,7,7,7,7,7,7,7,7,7,7,7,7,7,7,7,7,7,7,7,7,7,7,7,7,7,7,7,7,7,7,0
0,7,7,7,7,7,7,7,7,7,7,7,7,7,7,7,7,7,7,7,7,7,7,7,7,7,7,7,7,7,7,7,7,7,0
0,7,7,7,7,7,7,7,7,7,7,7,7,7,7,7,7,7,7,7,7,7,7,7,7,7,7,7,7,7,7,7,7,7,0
0,7,7,7,7,7,7,7,7,7,7,7,7,7,7,7,7,7,7,7,7,7,7,7,7,7,7,7,7,7,7,7,1,1,0
0,7,7,7,7,7,7,7,7,7,7,7,7,7,7,7,7,7,7,7,7,7,7,7,7,7,7,7,7,7,7,7,1,7,0
0,0,0,0,0,0,0,0,0,0,0,0,0,0,0,0,0,0,0,0,0,0,0,0,0,0,0,0,0,0,0,0,0,0,0
}

collision {
(32,608),(1088,608),(1088,32),(32,32),(32,608)
(0,0),(1120,0),(1120,640),(0,640),(0,0)
(1056,576),(1088,576),(1088,544),(1024,544),(1024,608),(1056,608),(1056,576)
}

spawns {
(1,128,128);(1,192,128);(1,256,128);(1,320,128);(1,384,128);(1,448,128);(1,128,192);(1,192,192);(1,256,192);(1,320,192);(1,384,192);(1,448,192);(1,128,256);(1,192,256);(1,256,256);(1,320,256);(1,384,256);(1,448,256);(1,448,320);(1,384,320);(1,320,320);(1,128,320);(1,256,320);(1,192,320);(1,128,384);(1,192,384);(1,256,384);(1,320,384);(1,384,384);(1,448,384);(1,448,448);(1,384,448);(1,320,448);(1,256,448);(1,192,448);(1,128,448);(1,128,512);(1,192,512);(1,320,512);(1,256,512);(1,384,512);(1,448,512);(1,512,128);(1,576,128);(1,512,192);(1,576,192);(1,512,256);(1,576,256);(1,512,320);(1,576,320);(1,576,384);(1,512,384);(1,512,448);(1,512,512);(1,576,512);(1,576,448);(1,640,512);(1,640,448);(1,704,448);(1,704,512);(1,640,384);(1,704,384);(1,704,320);(1,640,320);(1,640,256);(1,704,256);(1,704,192);(1,640,192);(1,640,128);(1,704,128);(1,768,128);(1,768,192);(1,768,256);(1,768,320);(1,768,384);(1,768,448);(1,768,512);(1,832,512);(1,896,512);(1,960,512);(1,960,448);(1,896,448);(1,832,448);(1,832,384);(1,896,384);(1,960,384);(1,960,320);(1,896,320);(1,832,320);(1,960,256);(1,896,256);(1,832,256);(1,832,192);(1,896,192);(1,960,192);(1,960,128);(1,896,128);(1,832,128);(0,1072,592)
}

waypoints {
(64,576)
}

guns {
}
