tiles {
0,0,0,0,0,0,0,0,0,0,0,0,0,0,0,0
0,10,7,7,7,7,7,2,2,10,7,7,7,7,7,0
0,8,1,1,1,1,1,2,2,8,1,1,1,1,1,0
0,8,1,1,1,1,1,34,7,9,1,1,1,1,1,0
0,8,1,1,1,1,1,1,1,1,1,1,1,1,1,0
0,8,2,0,0,0,0,33,1,0,0,0,0,2,33,0
0,8,34,0,0,0,0,8,1,0,0,0,0,10,9,0
0,8,1,0,0,0,0,8,1,0,0,0,0,8,1,0
0,8,1,0,0,0,0,8,1,0,0,0,0,8,1,0
0,2,33,34,7,7,7,9,1,34,7,7,7,9,2,0
0,2,8,1,1,1,1,1,1,1,1,1,1,1,2,0
0,10,9,0,0,0,0,33,1,0,0,0,0,33,34,0
0,8,1,0,0,0,0,8,1,0,0,0,0,8,1,0
0,8,1,0,0,0,0,8,1,0,0,0,0,8,1,0
0,8,2,0,0,0,0,8,1,0,0,0,0,2,33,0
0,8,34,7,7,7,7,9,1,34,7,7,7,7,9,0
0,8,1,1,1,1,1,1,1,1,1,1,1,1,1,0
0,8,1,1,1,1,1,2,2,33,1,1,1,1,1,0
0,8,1,1,1,1,1,2,2,8,1,1,1,1,1,0
0,0,0,0,0,0,0,0,0,0,0,0,0,0,0,0
}

collision {
(32,32),(224,32),(224,96),(288,96),(288,32),(480,32),(480,288),(448,288),(448,352),(480,352),(480,608),(288,608),(288,544),(224,544),(224,608),(32,608),(32,352),(64,352),(64,288),(32,288),(32,32)
(64,160),(224,160),(224,288),(96,288),(96,192),(64,192),(64,160)
(96,352),(224,352),(224,480),(64,480),(64,448),(96,448),(96,352)
(288,160),(448,160),(448,192),(416,192),(416,288),(288,288),(288,160)
(288,352),(416,352),(416,448),(448,448),(448,480),(288,480),(288,352)
}

spawns {
(0,96,112);(0,192,112);(0,320,112);(0,416,112);(1,96,528);(1,192,528);(1,320,528);(1,416,528);(0,144,80);(0,144,144);(0,368,80);(0,368,144);(0,464,48);(0,48,48);(1,368,496);(1,368,560);(1,464,592);(1,48,592);(1,144,560);(1,144,496)
}

waypoints {
(48,128);(464,128);(48,224);(464,224);(96,320);(416,320);(48,416);(464,416);(48,512);(464,512);(256,128);(256,512);(256,320)
}

guns {
(7,96,80);(8,144,80);(9,192,80);(10,320,80);(11,368,80);(12,416,80);(13,96,112);(14,144,112);(15,192,112);(16,320,112);(17,368,112);(18,416,112);(19,96,144);(20,144,144);(21,192,144);(22,320,144);(23,368,144);(24,416,144);(23,256,320);(7,416,560);(8,368,560);(9,320,560);(10,192,560);(11,144,560);(12,96,560);(13,416,528);(14,368,528);(15,320,528);(16,192,528);(17,144,528);(18,96,528);(19,416,496);(20,368,496);(21,320,496);(22,192,496);(23,144,496);(24,96,496);(26,368,592);(26,144,592);(26,368,48);(26,144,48);(27,320,592);(27,192,592);(27,192,48);(27,320,48);(25,416,592);(25,96,592);(25,96,48);(25,416,48)
}
