26,20
5,13,16,2,2,2,2,2,2,8,8,8,8,8,8,8,8,2,2,2,2,2,2,16,13,5
5,2,8,8,8,8,8,8,8,8,8,8,8,8,8,8,8,8,8,8,8,8,8,8,16,5
5,2,8,8,8,8,8,8,8,8,8,8,8,8,8,8,8,8,8,8,8,8,8,8,2,5
5,2,8,8,13,16,2,2,2,8,8,8,8,8,8,8,8,2,2,2,16,13,8,8,2,5
5,2,8,8,16,12,12,12,13,2,5,13,2,13,2,5,2,13,12,12,12,16,8,8,2,5
5,5,8,8,2,12,2,12,12,12,5,2,12,12,2,5,12,12,12,2,12,2,8,8,5,5
5,2,8,8,2,12,12,12,2,12,5,5,12,12,5,5,12,2,12,12,12,2,8,8,2,5
5,2,8,8,16,12,12,2,12,12,5,2,12,12,2,5,12,12,2,12,12,16,8,8,2,5
5,2,8,8,13,16,2,12,12,12,5,2,2,2,2,5,12,12,12,2,16,13,8,8,2,5
5,2,8,8,8,8,8,8,8,8,8,8,8,8,8,8,8,8,8,8,8,8,8,8,2,5
5,2,8,8,8,8,8,8,8,8,8,8,8,8,8,8,8,8,8,8,8,8,8,8,2,5
5,2,8,8,13,16,2,12,12,12,5,2,2,2,2,5,12,12,12,2,16,13,8,8,2,5
5,2,8,8,16,12,12,2,12,12,5,2,12,12,2,5,12,12,2,12,12,16,8,8,2,5
5,2,8,8,2,12,12,12,2,12,5,5,12,12,5,5,12,2,12,12,12,2,8,8,2,5
5,2,8,8,2,12,2,12,12,12,5,2,12,12,2,5,12,12,12,2,12,2,8,8,2,5
5,5,8,8,16,12,12,12,13,2,5,13,2,13,2,5,2,13,12,12,12,16,8,8,5,5
5,2,8,8,13,16,2,2,2,8,8,8,8,8,8,8,8,2,2,2,16,13,8,8,2,5
5,2,8,8,8,8,8,8,8,8,8,8,8,8,8,8,8,8,8,8,8,8,8,8,2,5
5,16,8,8,8,8,8,8,8,8,8,8,8,8,8,8,8,8,8,8,8,8,8,8,2,5
5,13,16,2,2,2,2,2,2,8,8,8,8,8,8,8,8,2,2,2,2,2,2,16,13,5
(288,640),(288,608),(64,608),(64,512),(32,512),(32,640),(0,640),(0,0),(32,0),(32,160),(64,160),(64,32),(288,32),(288,0),(544,0),(544,32),(768,32),(768,160),(800,160),(800,0),(832,0),(832,640),(800,640),(800,512),(768,512),(768,608),(544,608),(544,640),(288,640),(-1,-1),(32,480),(64,480),(64,192),(32,192),(32,480),(-1,-1),(768,480),(800,480),(800,192),(768,192),(768,480),(-1,-1),(544,192),(576,192),(576,224),(608,224),(608,256),(672,256),(672,128),(576,128),(576,160),(512,160),(512,128),(544,128),(544,96),(704,96),(704,288),(608,288),(608,256),(576,256),(576,224),(544,224),(544,192),(-1,-1),(640,160),(640,192),(608,192),(608,160),(640,160),(-1,-1),(480,128),(480,192),(448,192),(448,160),(384,160),(384,192),(352,192),(352,128),(480,128),(-1,-1),(384,224),(384,256),(448,256),(448,224),(480,224),(480,288),(352,288),(352,224),(384,224),(-1,-1),(448,416),(448,384),(384,384),(384,416),(352,416),(352,352),(480,352),(480,416),(448,416),(-1,-1),(448,480),(384,480),(384,448),(352,448),(352,512),(480,512),(480,448),(448,448),(448,480),(-1,-1),(576,480),(576,512),(672,512),(672,384),(608,384),(608,416),(576,416),(576,448),(544,448),(544,416),(576,416),(576,384),(608,384),(608,352),(704,352),(704,544),(544,544),(544,512),(512,512),(512,480),(576,480),(-1,-1),(640,448),(640,480),(608,480),(608,448),(640,448),(-1,-1),(320,480),(256,480),(256,512),(160,512),(160,384),(224,384),(224,416),(256,416),(256,448),(288,448),(288,416),(256,416),(256,384),(224,384),(224,352),(128,352),(128,544),(288,544),(288,512),(320,512),(320,480),(-1,-1),(192,448),(192,480),(224,480),(224,448),(192,448),(-1,-1),(288,128),(288,96),(128,96),(128,288),(224,288),(224,256),(256,256),(256,224),(288,224),(288,192),(256,192),(256,224),(224,224),(224,256),(160,256),(160,128),(256,128),(256,160),(320,160),(320,128),(288,128),(-1,-1),(192,160),(192,192),(224,192),(224,160),(192,160)
(480,544),(352,544),(352,608),(480,608)
(352,32),(480,32),(480,96),(352,96)
(416,576),(608,576),(736,576),(736,448),(736,320),(224,576),(96,576),(96,448),(96,320),(192,320),(320,320),(416,320),(640,320),(576,320),(512,320),(736,224),(736,160),(736,128),(736,64),(672,64),(608,64),(512,64),(416,64),(320,64),(256,64),(192,64),(96,64),(96,160),(96,224),(320,256),(320,192),(512,256),(512,192),(512,448),(512,384),(320,448),(320,384)
0:(480,32),0:(480,96),0:(352,96),0:(352,32),1:(480,544),1:(480,608),1:(352,608),1:(352,544),2:(416,448),3:(416,192),4:(288,384),4:(544,384),4:(544,256),4:(288,256),5:(640,224),5:(192,224),5:(192,416),5:(640,416),6:(544,64),6:(192,64),7:(544,576),7:(224,576)
