tiles {
38,17,17,17,17,17,17,17,17,17,17,17,17,17,17,17,17,17,17,17,17,17,18,17,17,17,17,17,17,17,17,17,17,17,17,37
23,28,30,31,29,10,10,10,10,10,10,10,10,10,1,2,6,7,19,28,31,30,31,30,31,30,31,30,29,10,10,10,10,10,10,23
23,32,34,34,33,10,10,10,10,10,16,37,10,10,38,17,39,11,23,32,35,34,35,34,35,34,35,34,33,10,10,10,10,10,10,23
23,28,30,30,29,19,10,10,19,10,10,44,37,10,23,10,1,15,23,10,10,36,37,10,10,38,37,10,10,38,17,17,37,10,10,23
23,32,34,35,33,23,10,10,44,37,10,10,44,37,27,10,16,17,47,10,10,40,41,10,10,23,23,10,10,23,1,3,23,10,10,23
23,10,10,36,17,47,5,6,7,44,37,10,10,44,37,10,10,1,6,15,10,44,45,10,10,23,23,10,10,44,17,17,47,10,10,23
23,10,10,10,10,10,8,4,11,10,27,10,10,10,44,17,17,17,18,8,10,10,10,10,10,23,23,10,10,10,10,10,10,10,10,23
23,10,10,16,37,10,9,12,8,10,10,10,19,10,10,10,10,10,10,13,14,3,10,10,10,23,23,10,10,10,4,10,10,10,10,23
23,10,10,10,23,10,13,2,15,10,19,10,44,37,10,10,10,16,17,17,17,17,17,17,17,47,44,17,17,18,11,16,17,17,45,23
23,10,10,10,44,17,18,10,16,17,47,10,10,44,37,10,10,10,10,10,19,10,10,10,10,10,10,10,10,10,12,10,10,10,10,23
23,10,10,10,10,10,10,10,10,10,10,28,29,10,44,37,10,10,10,10,27,10,10,10,19,10,1,6,2,14,6,14,2,6,7,23
23,0,10,10,10,10,10,10,10,10,10,32,33,10,10,44,18,10,10,10,10,10,10,10,27,10,10,10,10,10,10,10,10,10,11,23
23,10,10,16,17,17,17,17,17,17,17,17,17,17,17,17,17,18,10,16,17,17,17,17,17,17,17,18,10,16,17,17,18,10,9,23
23,10,10,10,1,14,2,3,16,18,10,0,10,10,10,28,30,31,30,31,29,10,10,10,0,10,10,10,10,10,10,10,10,10,11,23
23,10,10,10,10,10,10,10,10,10,0,10,10,0,10,32,34,35,34,35,33,10,0,10,10,10,16,18,1,6,2,3,10,10,8,23
23,10,10,16,17,17,18,10,16,17,17,17,17,17,17,17,18,10,16,17,17,17,17,17,17,17,17,17,17,17,17,17,18,10,9,23
23,10,10,10,10,10,10,10,10,10,10,19,10,10,10,10,10,10,10,10,10,10,10,10,10,10,10,10,10,10,10,10,10,10,8,23
23,10,0,19,10,19,10,10,10,19,10,23,10,10,10,36,17,17,37,10,28,29,10,10,38,37,10,10,10,10,10,10,10,12,12,23
23,10,10,23,10,44,17,37,4,23,10,23,10,10,10,10,10,10,23,10,32,33,10,38,47,27,10,10,10,10,38,17,45,10,10,23
23,0,10,23,10,10,10,23,12,23,10,44,17,17,17,18,10,10,23,10,10,10,16,47,10,10,10,36,37,10,23,28,30,31,29,23
23,10,10,27,10,19,10,23,10,27,10,19,10,10,10,10,10,10,27,10,10,10,10,10,10,19,10,10,44,17,47,32,35,34,33,23
23,10,10,10,10,23,10,27,10,10,10,27,10,10,10,19,0,10,10,10,38,18,10,10,10,27,10,10,10,10,10,28,31,30,29,23
23,10,10,10,10,27,10,10,10,10,10,10,10,10,10,27,10,10,10,16,47,10,10,10,10,10,10,10,10,10,10,32,34,35,33,23
44,17,17,17,17,17,17,17,17,17,17,17,17,17,17,17,17,17,17,17,17,17,17,17,17,17,17,17,17,17,17,17,17,17,17,47
}

collision {
(32,736),(160,736),(160,640),(192,640),(192,736),(480,736),(480,672),(512,672),(512,736),(608,736),(608,704),(640,704),(640,672),(672,672),(704,672),(704,704),(672,704),(672,736),(1120,736),(1120,288),(992,288),(992,256),(1120,256),(1120,32),(608,32),(608,160),(512,160),(512,128),(576,128),(576,32),(32,32),(32,736)
(160,160),(160,96),(192,96),(192,192),(96,192),(96,160),(160,160)
(288,96),(288,128),(320,128),(320,160),(352,160),(352,224),(320,224),(320,192),(288,192),(288,160),(256,160),(256,96),(288,96)
(384,64),(384,96),(416,96),(416,128),(448,128),(448,64),(544,64),(544,96),(480,96),(480,192),(608,192),(608,224),(448,224),(448,192),(416,192),(416,160),(384,160),(384,128),(352,128),(352,96),(320,96),(320,64),(384,64)
(96,256),(128,256),(128,320),(224,320),(224,288),(160,288),(160,224),(96,224),(96,256)
(320,288),(320,256),(352,256),(352,320),(256,320),(256,288),(320,288)
(416,224),(416,256),(448,256),(448,288),(480,288),(480,320),(512,320),(512,352),(544,352),(544,384),(576,384),(576,416),(320,416),(320,448),(256,448),(256,416),(96,416),(96,384),(480,384),(480,352),(448,352),(448,320),(416,320),(416,288),(384,288),(384,224),(416,224)
(736,96),(736,192),(672,192),(672,96),(736,96)
(800,256),(800,96),(864,96),(864,256),(960,256),(960,288),(672,288),(672,352),(640,352),(640,288),(544,288),(544,256),(800,256)
(1056,96),(1056,192),(928,192),(928,96),(1056,96)
(960,128),(1024,128),(1024,160),(960,160),(960,128)
(608,416),(896,416),(896,384),(800,384),(800,320),(768,320),(768,384),(608,384),(608,416)
(928,416),(1056,416),(1056,384),(928,384),(928,416)
(576,512),(576,480),(832,480),(832,448),(896,448),(896,480),(1056,480),(1056,512),(576,512)
(800,704),(832,704),(832,640),(800,640),(800,704)
(928,608),(928,640),(960,640),(960,576),(1056,576),(1056,608),(992,608),(992,672),(896,672),(896,640),(864,640),(864,608),(928,608)
(768,608),(768,640),(704,640),(704,608),(736,608),(736,576),(768,576),(768,544),(832,544),(832,608),(768,608)
(576,672),(576,576),(480,576),(480,544),(608,544),(608,672),(576,672)
(352,704),(352,512),(256,512),(256,480),(544,480),(544,512),(384,512),(384,608),(512,608),(512,640),(384,640),(384,704),(352,704)
(288,672),(288,544),(320,544),(320,672),(288,672)
(224,704),(224,608),(160,608),(160,544),(192,544),(192,576),(256,576),(256,704),(224,704)
(96,672),(96,544),(128,544),(128,672),(96,672)
(96,480),(224,480),(224,512),(96,512),(96,480)
}

buyzones {
(0,32,32,160,160)
(1,992,608,1120,736)
}

spawns {
(0,64,64);(0,96,64);(0,128,64);(0,128,96);(0,96,96);(0,64,96);(0,64,128);(0,96,128);(0,128,128);(1,1024,640);(1,1056,640);(1,1088,640);(1,1088,672);(1,1056,672);(1,1024,672);(1,1024,704);(1,1056,704);(1,1088,704)
}

waypoints {
(64,192);(64,288);(64,352);(128,352);(240,353);(240,240);(384,352);(368,288);(368,240);(160,64);(224,64);(320,48);(480,48);(560,48);(560,112);(496,112);(496,176);(592,176);(640,176);(640,64);(768,64);(768,224);(640,224);(384,192);(608,240);(512,240);(512,288);(544,320);(640,368);(704,368);(736,320);(768,304);(832,304);(896,352);(912,385);(912,432);(976,321);(704,448);(544,448);(384,448);(1088,608);(992,704);(1088,544);(1088,448);(864,704);(1088,352);(976,224);(1088,224);(1088,64);(896,64);(896,224);(144,624);(64,704);(64,608);(144,704);(208,624);(208,720);(272,720);(432,720);(432,656);(528,656);(576,704);(624,688);(640,608);(704,544);(784,527);(912,528);(992,544);(848,592);(848,656);(816,722);(752,720);(720,656);(528,592);(432,592);(432,528);(560,528)
}

guns {
(18,1088,640);(18,1056,640);(18,1024,640);(18,1024,672);(18,1024,704);(18,1056,704);(18,1088,704);(18,1088,672);(18,1056,672);(17,128,128);(17,128,96);(17,128,64);(17,96,64);(17,96,96);(17,96,128);(17,64,128);(17,64,96);(17,64,64);(19,240,432);(19,912,464)
}
