tiles {
113,113,113,113,113,113,113,113,113,113,113,113,113,113,113,113,113,113,113,113,113,113,113,113,113,113,113,113,113,113,113,113,113,113,113,113,113,113,113,113,113,113,113,113,113,113,113,113,113,113
147,147,147,147,147,147,147,147,147,147,147,147,147,147,147,147,147,147,147,147,147,147,147,147,147,147,147,147,147,147,147,147,147,147,147,147,147,147,147,147,147,147,147,147,147,147,147,147,147,147
198,17,18,17,18,17,18,17,18,17,18,17,18,17,18,17,18,17,18,17,18,17,18,17,18,17,18,17,18,17,18,17,18,17,18,17,18,17,18,17,18,17,18,17,18,17,18,17,18,17
199,16,66,16,160,161,16,16,16,66,16,16,16,201,202,16,16,190,191,16,66,16,5,16,16,16,27,102,16,46,16,16,16,16,5,16,16,16,66,16,16,16,16,46,37,38,39,16,16,16
198,18,17,18,17,18,17,18,17,18,17,190,191,18,17,18,17,18,17,18,17,18,17,18,17,18,26,18,17,18,17,18,17,18,17,18,17,18,17,18,17,18,17,18,17,18,17,18,17,18
199,16,16,5,16,16,46,16,16,16,5,16,16,16,44,45,16,16,16,16,16,16,16,16,46,16,25,16,16,16,16,16,46,171,172,16,66,7,8,9,16,16,77,16,6,16,16,16,5,16
198,17,18,17,18,17,18,160,161,17,18,17,18,17,18,17,18,17,18,17,18,17,18,17,18,17,18,17,18,17,18,17,18,17,18,17,18,17,18,17,18,17,18,17,18,162,18,17,18,17
199,46,16,16,16,16,16,6,16,16,190,191,16,171,172,16,190,191,46,16,16,16,16,16,16,16,66,16,16,171,172,16,16,201,202,16,16,16,16,16,16,16,66,16,16,163,16,16,171,172
149,149,149,149,149,149,149,149,149,149,149,149,149,149,149,149,149,149,149,149,149,149,149,149,149,149,149,149,149,149,149,149,149,149,149,149,149,149,149,149,149,149,149,149,149,149,149,149,149,149
113,113,113,113,113,113,113,113,113,113,113,113,113,113,113,113,113,113,113,113,113,113,113,113,113,113,113,113,113,113,113,113,113,113,113,113,113,113,113,113,113,113,113,113,113,113,113,113,113,113
}

collision {
}

collisionPeople {
(832,192),(864,192),(864,96),(832,96),(832,192)
(1056,256),(1120,256),(1120,224),(1056,224),(1056,256)
(1184,192),(1280,192),(1280,160),(1184,160),(1184,192)
(1408,128),(1504,128),(1504,96),(1408,96),(1408,128)
(416,128),(480,128),(480,96),(416,96),(416,128)
(544,128),(608,128),(608,96),(544,96),(544,128)
(512,256),(576,256),(576,224),(512,224),(512,256)
(352,160),(416,160),(416,128),(352,128),(352,160)
(320,256),(384,256),(384,224),(320,224),(320,256)
(288,192),(288,224),(224,224),(224,192),(288,192)
(128,128),(192,128),(192,96),(128,96),(128,128)
(1600,64),(1600,256),(32,256),(32,64),(1600,64)
(1440,256),(1472,256),(1472,192),(1440,192),(1440,256)
}

buyzones {
(0,832,96,1504,256)
(1,64,96,1600,256)
}

spawns {
(1,384,192);(1,416,192);(1,352,224);(1,384,224);(1,128,160);(1,160,160);(1,192,160);(1,224,160);(1,128,192);(1,160,192);(1,640,192);(1,672,224);(1,608,160);(1,192,192);(1,608,224);(1,672,160);(1,672,128);(1,512,160);(1,480,160);(1,448,192);(1,480,192);(1,640,160);(1,736,224);(1,736,192);(1,736,160);(1,736,128);(0,1216,224);(0,1248,224);(0,1248,128);(0,544,192);(0,288,192);(0,288,160);(0,224,128);(0,1408,224);(0,1408,192);(0,1440,160);(0,1472,160);(0,1088,192);(0,896,160);(0,896,192);(1,704,192);(1,704,160);(1,128,224);(1,160,224);(1,192,224);(1,704,224);(1,704,128);(1,800,96);(1,800,128);(1,800,160);(1,800,192);(1,800,128);(1,800,224)
}

waypoints {
(1344,160);(1216,128);(1088,128);(992,192);(800,224);(672,192);(480,192);(352,192)
}

guns {
(8,896,192);(8,896,160);(13,1216,128);(11,1408,224);(11,1408,192);(11,1440,160);(11,1472,160);(26,864,128);(26,896,128);(27,896,96);(27,864,96);(25,1024,224);(25,1024,256);(27,1152,224);(27,1152,256)
}
