tiles {
35,36,30,30,30,30,30,30,30,30,30,30,30,30,30,30,30,32,33,34
30,12,7,7,7,7,7,7,7,7,7,7,7,7,7,7,7,7,7,30
30,8,29,29,29,29,29,29,29,29,29,29,29,29,29,29,29,29,29,30
30,8,29,29,29,29,29,29,29,30,30,9,29,29,29,29,29,29,29,30
30,8,30,30,30,30,9,29,30,30,30,30,9,29,30,30,30,30,9,30
30,8,10,30,30,12,11,29,10,7,7,7,11,29,10,30,30,12,11,30
30,30,9,10,7,11,29,29,29,30,30,9,29,29,29,10,7,11,30,30
30,31,31,31,31,31,31,31,31,31,31,31,31,31,31,31,31,31,31,30
30,30,9,29,29,29,29,29,29,30,30,9,29,29,29,29,29,29,30,30
30,12,11,30,30,9,29,29,29,10,7,11,29,29,29,30,30,9,10,30
30,8,30,30,30,30,9,29,30,30,30,30,9,29,30,30,30,30,9,30
30,8,10,7,7,7,11,29,10,30,30,12,11,29,10,7,7,7,11,30
30,8,29,29,29,29,29,29,29,10,7,11,29,29,29,29,29,29,29,30
30,8,29,29,29,29,29,29,29,29,29,29,29,29,29,29,29,29,29,30
32,33,34,30,30,30,30,30,30,30,30,30,30,30,30,30,30,30,35,36
}

collision {
(608,32),(32,32),(608,32)
(608,32),(608,224),(608,32)
(32,224),(32,32),(32,224)
(608,448),(608,256),(608,448)
(32,448),(32,256),(32,448)
(608,448),(32,448),(608,448)
(64,320),(96,320),(96,288),(160,288),(160,320),(192,320),(192,352),(64,352),(64,320)
(256,352),(288,352),(288,384),(352,384),(352,352),(384,352),(384,320),(256,320),(256,352)
(480,320),(448,320),(448,352),(576,352),(576,320),(544,320),(544,288),(480,288),(480,320)
(480,160),(448,160),(448,128),(576,128),(576,160),(544,160),(544,192),(480,192),(480,160)
(288,160),(288,128),(288,96),(352,96),(352,128),(384,128),(256,128),(256,160),(384,160),(288,160)
(384,160),(384,128),(384,160)
(160,160),(192,160),(192,128),(64,128),(64,160),(96,160),(96,192),(160,192),(160,160)
(352,224),(352,192),(288,192),(288,224),(352,224)
(352,256),(288,256),(352,288),(352,256)
(288,256),(288,288),(352,288),(288,256)
(64,256),(32,256),(64,288),(64,256)
(32,256),(32,288),(64,288),(32,256)
(32,192),(64,192),(64,224),(32,224),(32,192)
(608,288),(576,288),(576,256),(608,256),(608,288)
(608,224),(608,192),(576,192),(576,224),(608,224)
}

collisionPeople {
(608,256),(32,256),(32,224),(608,224),(608,256)
}

buyzones {
(0,640,480,672,512)
(1,640,512,672,544)
}

spawns {
(1,128,416);(1,320,416);(1,512,416);(0,512,64);(0,320,64);(0,128,64)
}

waypoints {
(322,305);(318,175)
}

guns {
(25,576,416);(25,64,416);(25,64,64);(25,576,64);(25,319,175);(25,322,304);(23,322,303);(23,319,175);(16,512,416);(16,320,416);(16,128,416);(16,128,64);(16,320,64);(16,512,64);(3,576,416);(3,64,416);(3,64,64);(3,576,64)
}
