20,20
4,4,4,4,4,4,4,4,4,4,4,4,4,4,4,4,4,4,4,4
4,2,2,2,2,2,2,2,2,2,2,2,2,2,2,2,2,2,2,4
4,2,2,2,2,2,2,2,2,2,2,2,2,2,2,2,2,2,2,4
4,4,4,2,2,4,2,2,4,4,4,2,2,2,2,4,2,2,2,4
4,4,4,2,2,4,2,2,2,4,2,2,2,2,6,4,2,2,2,4
4,2,2,2,2,4,2,2,2,4,2,2,2,2,6,4,2,2,2,4
4,2,2,2,2,4,2,2,4,4,4,2,2,4,4,4,4,2,2,4
4,0,0,5,5,4,0,0,0,0,0,0,0,0,0,0,2,2,2,4
4,0,0,0,0,4,0,0,3,3,3,3,3,0,0,0,2,2,2,4
4,0,3,3,0,4,0,0,3,3,3,3,3,0,0,4,2,2,2,4
4,0,3,3,0,0,0,0,3,3,3,3,3,0,0,4,2,2,4,4
4,0,0,0,0,0,0,0,3,3,3,3,3,0,0,0,1,1,1,4
4,4,4,0,0,4,0,0,0,0,0,0,0,0,0,0,1,1,1,4
4,6,1,1,1,4,1,1,4,4,1,1,4,4,4,4,4,1,1,4
4,6,1,1,1,1,1,1,4,1,1,1,1,1,6,4,1,1,1,4
4,6,1,1,1,1,1,1,4,1,1,1,1,1,6,4,1,1,1,4
4,4,4,1,1,1,4,4,4,4,4,4,1,1,1,4,1,1,1,4
4,1,1,1,1,1,1,1,1,1,1,1,1,1,1,1,1,1,1,4
4,1,1,1,1,1,1,1,1,1,1,1,1,1,1,1,1,1,1,4
4,4,4,4,4,4,4,4,4,4,4,4,4,4,4,4,4,4,4,4
(256,128),(288,128),(288,192),(256,192),(256,224),(352,224),(352,192),(320,192),(320,128),(352,128),(352,96),(256,96),(256,128),(-1,-1),(416,192),(448,192),(448,128),(480,128),(480,96),(512,96),(512,192),(544,192),(544,224),(416,224),(416,192),(-1,-1),(480,352),(512,352),(512,288),(480,288),(480,352),(-1,-1),(384,416),(384,448),(448,448),(448,512),(480,512),(480,544),(512,544),(512,448),(544,448),(544,416),(384,416),(-1,-1),(256,416),(256,512),(192,512),(192,544),(384,544),(384,512),(288,512),(288,448),(320,448),(320,416),(256,416),(-1,-1),(160,448),(160,384),(192,384),(192,448),(160,448),(-1,-1),(192,320),(192,96),(160,96),(160,224),(96,224),(96,256),(160,256),(160,320),(192,320),(-1,-1),(32,96),(96,96),(96,160),(32,160),(32,384),(96,384),(96,416),(64,416),(64,512),(96,512),(96,544),(32,544),(32,608),(608,608),(608,352),(576,352),(576,320),(608,320),(608,32),(32,32),(32,96)
(112,64),(224,64),(400,112),(576,64)
(112,576),(528,576),(432,576),(176,576)
(144,576),(432,576),(560,576),(560,80),(400,160),(224,64),(224,256),(384,256),(128,400),(64,336),(336,400),(128,64),(128,160),(240,384),(176,496),(400,496),(64,208),(464,80),(368,64),(576,384),(576,256),(528,336),(496,400)
0:(48,48),4:(336,144),2:(528,112),3:(272,144),1:(528,176),5:(48,560),0:(304,464),4:(464,528),3:(48,592),2:(528,464),1:(80,432),5:(48,80),0:(112,64),0:(576,64),2:(400,112),3:(224,64),3:(432,576),1:(528,576),4:(176,576),5:(112,576)
