tiles {
18,18,18,18,18,18,18,18,18,18,18,18,18,18,18,18,18,18,18,18,18,18,18,18,18,18,34,36,36,36,36,36,36,36,36,36,36,36,36,55,55,55,55,55,55,55,55,55,55,55,55,55,55,55,55,55,55,55,55,55
18,18,18,18,18,18,18,18,18,18,18,18,18,18,18,18,18,18,18,18,18,18,18,18,18,18,37,29,29,29,2,2,2,2,2,2,29,29,29,31,18,18,18,18,18,18,18,18,18,18,18,18,18,18,18,18,18,18,18,55
18,18,18,18,18,18,18,18,18,18,18,18,18,18,18,18,18,18,18,18,18,18,18,18,18,18,37,29,29,29,29,29,29,29,29,29,29,29,29,31,18,18,18,18,18,18,18,18,18,18,18,18,18,18,18,18,18,18,18,55
18,18,18,18,18,18,18,18,18,18,18,18,18,18,18,18,18,18,18,18,18,18,18,18,18,18,37,29,29,29,29,29,29,29,29,29,29,29,29,31,18,18,18,18,18,18,18,18,18,18,18,18,18,18,18,18,18,18,18,55
18,18,18,18,18,18,18,18,18,18,18,18,18,18,18,18,18,18,18,18,18,18,18,18,18,18,37,29,29,29,29,29,29,29,29,29,29,29,29,31,18,18,18,18,18,18,18,18,18,18,18,18,18,18,18,18,18,18,18,55
18,18,18,18,18,18,18,18,18,18,18,18,18,109,109,109,109,109,109,109,109,109,109,109,109,109,33,35,35,35,35,35,39,38,35,35,35,35,35,32,18,18,18,18,18,18,18,18,18,18,18,18,18,18,18,18,18,18,18,55
18,18,18,18,18,18,18,18,18,18,18,18,18,122,18,18,18,18,18,18,18,18,18,18,18,18,18,18,18,18,18,18,37,31,18,18,18,18,18,18,18,18,18,18,18,18,18,18,18,18,18,18,18,18,18,18,18,18,18,55
18,18,18,18,18,18,18,18,18,18,18,18,18,122,18,18,18,18,18,18,18,18,18,18,18,18,18,18,18,18,18,18,37,31,18,18,18,18,18,18,18,18,18,18,18,18,18,106,106,18,18,18,18,18,18,18,18,18,18,55
18,18,18,18,18,18,18,18,18,18,18,18,18,122,18,18,18,18,18,18,18,18,18,18,18,18,18,18,18,18,18,18,29,31,18,18,18,18,18,18,18,18,18,18,18,18,18,106,18,18,106,18,18,18,18,18,18,18,18,55
18,18,18,18,18,18,18,18,18,18,18,18,18,122,18,18,18,18,18,18,18,18,18,18,18,18,18,18,18,18,123,123,35,32,18,18,18,18,18,18,18,18,18,18,18,18,18,106,18,106,18,18,18,18,18,18,18,18,18,55
18,18,18,18,18,18,18,18,18,18,18,18,18,122,18,18,18,18,18,18,18,18,18,18,18,18,18,18,125,126,127,128,129,18,18,18,18,18,18,18,18,18,18,18,18,18,18,18,18,18,18,18,18,18,18,18,18,18,18,55
18,18,18,18,18,18,18,18,18,18,18,18,18,122,18,18,18,18,18,18,18,18,18,18,18,18,18,18,130,131,132,133,134,18,18,18,18,18,18,18,18,18,18,18,18,18,18,106,18,106,18,18,18,18,18,18,18,18,18,55
18,18,18,18,18,18,18,18,18,18,18,18,18,122,18,18,18,18,18,18,18,18,18,18,18,18,18,18,135,136,137,138,139,18,18,18,18,18,18,18,18,18,18,18,18,18,18,106,18,106,18,18,18,18,18,18,18,18,18,55
18,18,18,18,18,18,18,18,18,18,18,18,18,122,18,18,18,18,18,18,18,18,18,18,18,18,18,18,18,18,123,123,18,18,18,18,18,18,18,18,18,18,18,18,18,18,18,106,18,106,18,18,18,18,18,18,18,18,18,55
18,18,18,18,18,18,18,18,18,18,18,18,18,122,18,18,18,18,106,18,18,18,18,18,18,18,18,18,18,18,124,124,18,18,18,18,18,18,18,18,18,18,18,18,18,18,18,106,18,18,18,18,18,18,18,18,18,18,18,55
18,18,18,18,18,18,18,18,18,18,18,18,18,122,18,18,18,18,106,18,18,18,18,140,140,140,140,140,140,140,140,140,140,140,140,140,140,140,140,18,18,18,18,18,18,18,18,106,18,18,18,18,18,18,18,18,18,18,18,55
150,156,156,156,156,156,156,156,156,156,156,156,156,153,18,18,18,18,18,18,18,18,18,140,25,24,24,24,24,17,17,17,17,24,24,24,24,26,140,18,18,18,18,18,18,18,18,18,106,18,18,18,18,18,18,18,18,18,18,55
155,149,149,164,149,159,164,149,159,149,160,149,161,157,18,18,18,18,18,18,18,18,18,140,22,17,17,17,17,17,17,17,17,17,17,17,17,23,140,18,18,18,18,18,18,18,18,106,106,18,18,18,18,18,18,18,18,18,18,55
155,149,149,165,149,159,165,149,159,149,160,149,162,157,18,18,18,18,18,18,18,18,18,140,45,4,4,14,17,17,17,17,17,17,43,0,0,11,140,18,18,18,18,18,18,18,18,106,106,18,18,18,18,18,18,18,18,18,18,55
155,149,149,163,149,159,163,149,159,149,160,149,149,157,18,18,18,18,18,18,18,18,18,140,41,4,4,15,17,17,17,17,17,17,44,0,0,12,140,18,18,18,18,18,18,18,18,18,106,18,18,18,18,18,18,18,18,18,18,55
155,149,149,149,149,149,149,149,149,149,149,149,149,157,158,18,18,18,18,18,18,18,140,140,41,4,4,15,17,17,17,17,17,17,44,0,1,12,140,18,18,18,18,18,18,18,18,18,18,18,18,18,18,18,18,18,18,18,18,55
155,149,149,149,149,149,149,149,149,149,149,149,149,149,158,140,140,140,140,140,140,140,140,140,41,4,4,15,17,17,17,17,17,17,44,0,1,12,140,18,18,18,18,18,18,18,18,18,18,18,18,18,18,18,18,18,18,18,18,55
155,149,149,149,149,149,149,149,149,149,149,149,149,149,158,140,140,140,140,140,140,140,140,140,41,4,4,15,17,17,17,17,17,17,44,0,1,12,140,18,18,18,18,18,18,18,18,18,18,18,18,18,18,18,18,18,18,18,18,55
155,149,149,164,149,159,164,149,159,164,149,159,149,157,158,18,18,18,18,18,18,18,140,140,41,4,4,15,17,17,17,17,17,17,44,0,1,12,140,18,18,18,18,18,18,18,18,18,18,18,18,18,18,18,18,18,18,18,18,55
155,149,149,165,149,159,165,149,159,165,149,159,149,157,18,18,18,18,18,18,18,18,18,140,41,4,4,15,17,17,17,17,17,17,44,0,1,12,140,18,18,18,18,18,18,18,18,18,18,18,18,18,18,18,18,18,18,18,18,55
155,149,149,163,149,159,163,149,159,163,149,159,149,157,18,18,18,18,18,18,18,18,18,140,40,4,4,8,17,17,17,17,17,17,42,1,1,13,140,18,18,18,18,18,18,18,18,18,18,18,18,18,18,18,18,18,18,18,18,55
151,154,154,154,154,154,154,154,154,154,154,154,154,152,18,18,18,18,18,18,18,18,18,140,22,17,17,17,17,17,17,17,17,17,17,17,17,23,140,18,18,18,18,18,18,18,18,18,18,18,18,18,18,18,18,18,18,18,18,55
18,18,18,18,18,18,18,18,18,18,18,18,18,18,18,18,18,18,18,18,18,18,18,140,20,19,19,19,19,17,17,17,17,19,19,19,19,21,140,18,18,18,18,18,18,18,18,18,18,18,18,18,18,18,18,18,18,18,18,55
18,18,18,18,18,18,18,18,18,18,18,18,18,18,18,18,18,18,18,18,18,18,158,158,140,140,140,140,140,140,140,140,140,140,140,140,140,140,140,18,18,18,18,18,18,18,18,18,159,173,173,159,173,173,159,18,18,18,18,55
158,158,158,158,158,158,158,158,158,158,158,158,158,158,158,158,158,158,158,158,158,158,158,158,18,18,18,18,18,18,18,18,18,18,18,18,18,18,18,18,18,18,18,18,18,18,18,18,159,168,168,159,168,168,159,18,18,18,18,55
158,158,158,158,158,158,158,158,158,158,158,158,158,158,167,167,167,167,167,158,18,18,18,18,18,18,18,18,18,18,18,100,100,100,18,18,18,18,18,18,18,18,18,18,18,18,18,18,159,159,168,159,168,159,159,18,18,18,18,55
167,167,167,167,167,167,167,167,167,167,167,167,167,167,167,167,167,167,167,158,18,18,18,18,18,18,18,18,18,18,18,18,18,18,18,18,18,18,18,18,18,18,18,18,18,18,18,18,159,168,168,159,168,168,159,18,18,18,18,55
167,177,173,173,173,173,173,173,173,175,173,173,173,173,173,173,173,178,167,158,18,18,18,18,18,18,18,18,18,18,18,121,18,18,18,18,18,18,18,18,18,18,18,18,18,18,18,18,159,168,159,159,159,168,159,18,18,18,18,55
167,171,168,168,168,168,168,168,168,169,168,168,168,168,168,168,168,170,167,158,18,18,18,18,18,18,18,18,18,18,18,122,18,18,18,18,18,18,18,18,18,18,18,18,18,18,18,18,159,168,168,159,168,168,159,18,18,18,18,55
167,171,168,168,168,168,168,168,168,169,168,168,168,168,168,168,168,170,167,158,18,18,18,18,18,18,18,18,18,18,18,18,18,18,18,18,18,18,18,18,18,18,18,18,18,18,18,18,159,159,168,159,168,159,159,18,18,18,18,55
167,171,168,168,168,168,168,168,168,169,168,168,168,168,168,168,168,170,167,158,18,18,18,18,18,18,18,18,18,18,18,121,18,18,18,18,18,18,18,18,18,18,18,18,18,18,18,18,159,168,168,159,168,168,159,18,18,18,18,55
167,184,168,168,168,168,168,168,168,169,168,168,168,168,168,168,168,180,167,158,18,18,18,18,18,18,18,18,18,18,18,122,18,18,18,18,18,18,18,18,18,18,18,18,18,18,18,18,159,168,168,159,168,168,159,18,18,18,18,55
167,185,168,168,168,168,168,168,168,169,168,168,168,168,168,168,168,181,167,158,18,18,18,18,18,18,18,18,18,18,18,18,18,18,18,18,18,18,18,18,18,18,18,18,18,18,18,18,159,168,159,159,159,168,159,18,18,18,18,55
167,185,168,168,168,168,168,168,168,169,168,168,168,168,168,168,168,181,167,158,18,18,18,18,18,18,18,18,18,76,77,78,79,80,18,18,18,18,18,18,18,18,18,18,18,18,18,18,159,168,168,159,168,168,159,18,18,18,18,55
167,183,168,168,168,168,168,168,168,169,168,168,168,168,168,168,168,182,167,158,18,18,18,18,18,18,18,18,18,81,82,83,84,85,18,18,18,18,18,18,18,18,18,18,18,18,18,18,159,159,168,159,168,159,159,18,18,18,18,55
167,171,168,168,168,168,168,168,168,169,168,168,168,168,168,168,168,170,167,158,18,18,18,18,18,108,109,110,18,86,87,88,89,90,119,91,92,93,18,18,18,18,18,18,18,18,18,18,159,174,174,159,174,174,159,18,18,18,18,55
167,171,168,168,168,168,168,168,168,169,168,168,168,168,168,168,168,170,167,158,18,18,18,18,112,113,114,18,18,18,18,18,18,18,119,96,97,98,99,101,18,18,18,18,18,18,18,18,18,18,18,18,18,18,18,18,18,18,18,55
167,171,168,168,168,168,168,168,168,169,168,168,168,168,168,168,168,170,167,158,18,18,18,18,117,118,18,18,18,18,18,18,18,18,18,18,18,103,104,18,105,18,18,18,18,18,18,18,18,18,18,18,18,18,18,18,18,18,18,55
167,179,174,174,174,174,174,174,174,172,174,174,174,174,174,174,174,176,167,158,18,54,54,54,54,54,54,54,54,54,54,54,54,54,54,54,54,54,54,54,54,54,54,54,54,54,18,18,18,18,18,18,18,18,18,18,18,18,18,55
167,167,167,167,167,167,167,167,167,167,167,167,167,167,167,167,167,167,167,158,18,54,27,17,17,26,27,17,17,26,27,17,26,27,17,17,26,25,17,17,17,27,27,17,26,54,18,18,18,18,18,18,18,64,65,66,18,18,18,55
158,158,158,158,158,158,158,158,158,158,158,158,158,158,158,158,158,158,158,158,18,54,28,17,17,23,28,17,17,23,28,17,23,28,17,17,23,22,17,17,17,28,28,17,23,54,18,18,18,18,18,18,18,67,68,69,18,18,18,55
18,18,18,18,18,18,18,18,18,18,18,18,18,18,18,18,56,56,56,56,56,54,22,17,17,23,22,17,17,23,22,17,23,22,17,17,23,22,17,17,17,23,22,17,23,54,18,18,18,18,18,18,18,70,71,72,18,18,18,55
18,18,18,18,18,18,18,18,18,18,18,18,18,18,18,18,56,56,57,58,59,54,22,17,17,23,22,17,17,23,22,17,23,22,17,17,23,22,17,17,17,23,22,17,23,54,18,18,18,18,18,18,18,73,74,75,18,18,18,55
18,18,18,18,18,18,18,18,18,18,18,18,18,18,18,18,56,60,61,62,63,54,20,19,19,21,20,19,19,21,20,19,21,20,19,19,21,20,19,19,19,21,20,19,21,54,18,18,18,18,18,18,18,18,18,18,18,18,18,55
18,18,18,18,18,18,18,18,18,18,18,18,18,18,18,18,56,56,56,56,56,54,54,54,54,54,54,54,54,54,54,54,54,54,54,54,54,54,54,54,54,54,54,55,55,55,55,55,55,55,55,55,55,55,55,55,55,55,55,55
}

collision {
(0,1920),(0,0),(1920,0),(1920,1920),(0,1920)
(1280,192),(1088,192),(1088,320),(1024,320),(1024,312),(1080,312),(1080,184),(1272,184),(1272,32),(1280,32),(1280,192)
(840,8),(840,16),(840,184),(1032,184),(1032,256),(1024,256),(1024,192),(832,192),(832,0),(1240,0),(1240,8),(840,8)
(1280,48),(1872,48),(1872,1552),(1440,1552),(1440,1560),(1440,1568),(1440,1408),(1440,1408),(1440,1568),(1416,1568),(1440,1568),(1888,1568),(1888,32),(1280,32),(1280,48)
(1248,0),(1248,0)
(1376,1600),(1432,1600),(1376,1600),(1376,1600),(1376,1600)
(1344,1568),(1344,1408),(1344,1408),(1344,1568),(1344,1600),(1376,1600),(1376,1568),(1376,1600),(1344,1600),(1344,1568)
(0,1664),(0,896),(0,128),(0,896),(0,1664),(0,1664)
(1920,1600),(1920,1568),(1920,1600),(512,1600),(1920,1600)
(1344,1568),(1184,1568),(1184,1408),(1184,1568),(1344,1568),(1344,1440),(1344,1408),(1312,1408),(1344,1408),(1344,1568)
(1152,1408),(1216,1408),(1152,1408)
(832,1568),(1184,1568),(832,1568)
(832,1568),(832,1408),(832,1568)
(864,1408),(832,1408),(864,1408)
(992,1408),(928,1408),(992,1408)
(960,1568),(960,1408),(960,1568)
(1088,1408),(1024,1408),(1088,1408)
(1056,1568),(1056,1408),(1056,1568)
(1376,1408),(1344,1408),(1376,1408)
(832,1408),(800,1408),(832,1408)
(704,1568),(832,1568),(704,1568)
(704,1408),(704,1568),(704,1408)
(736,1408),(704,1408),(736,1408)
(32,864),(448,864),(32,864)
(0,512),(0,864),(0,512)
(0,512),(448,512),(0,512)
(448,512),(448,640),(448,512)
(448,768),(448,864),(448,768)
(0,1568),(32,1600),(0,1568),(0,1600),(0,1600),(0,896),(0,1568)
(512,1600),(32,1600),(512,1600)
(48,1000),(8,1000),(48,1000)
(8,1432),(8,1000),(8,1432)
(40,1432),(8,1432),(40,1432)
(504,1432),(512,1472),(504,1432)
(600,1000),(600,1432),(600,1000)
}

collisionPeople {
(1056,516),(1212,516),(1212,892),(1056,892),(1056,896),(1216,896),(1216,512),(1056,512),(1056,516)
(928,516),(772,516),(772,892),(928,892),(928,896),(768,896),(768,512),(928,512),(928,516)
(352,640),(320,640),(320,544),(352,544),(352,640)
(288,544),(256,544),(256,640),(288,640),(288,544)
(160,640),(192,640),(192,544),(160,544),(160,640)
(128,832),(96,832),(96,736),(128,736),(128,832)
(160,832),(192,832),(192,736),(160,736),(160,832)
(256,832),(288,832),(288,736),(256,736),(256,832)
(352,832),(384,832),(384,736),(352,736),(352,832)
(384,600),(408,600),(408,552),(384,552),(384,544),(416,544),(416,608),(384,608),(384,600)
(320,832),(288,832),(320,832)
(128,548),(100,548),(128,548)
(96,640),(100,552),(96,640)
(128,640),(96,640),(128,640)
(224,640),(192,640),(224,640)
(224,544),(192,544),(224,544)
(192,640),(192,544),(192,640)
(320,736),(288,736),(320,736)
(192,832),(224,832),(192,832)
(192,736),(192,832),(192,736)
(192,736),(224,736),(192,736)
(832,192),(440,192),(832,192)
(440,192),(440,512),(440,192)
(512,1568),(512,1472),(512,1568)
(608,1568),(608,1536),(576,1504),(512,1472),(608,1568)
(672,1472),(672,1568),(640,1568),(640,1536),(608,1504),(576,1472),(672,1472)
(704,1472),(672,1472),(704,1472)
(576,1280),(544,1280),(576,1280)
(544,1152),(576,1152),(544,1152)
(576,1280),(576,1152),(576,1280)
(32,1280),(64,1280),(32,1280)
(32,1152),(32,1280),(32,1152)
(64,1152),(32,1152),(64,1152)
(584,1000),(600,1000),(584,1000)
(0,1440),(8,1432),(0,1440)
(600,1432),(80,1432),(600,1432)
(416,992),(96,992),(416,992)
(448,992),(448,864),(448,992)
(416,992),(448,992),(416,992)
(1568,896),(1568,960),(1600,960),(1600,992),(1568,992),(1568,1088),(1600,1088),(1600,1120),(1568,1120),(1568,1248),(1600,1248),(1600,1280),(1568,1280),(1568,1312),(1536,1312),(1536,896),(1568,896)
(1632,1024),(1664,1024),(1664,896),(1632,896),(1632,1024)
(1632,1024),(1632,1056),(1600,1056),(1600,1024),(1632,1024)
(1664,1056),(1696,1056),(1696,1024),(1664,1024),(1664,1056)
(1632,1056),(1664,1056),(1664,1312),(1632,1312),(1632,1056)
(1600,1216),(1632,1216),(1632,1184),(1600,1184),(1600,1216)
(1664,1216),(1696,1216),(1696,1184),(1664,1184),(1664,1216)
(1728,960),(1696,960),(1696,992),(1728,992),(1728,1088),(1696,1088),(1696,1120),(1728,1120),(1728,1248),(1696,1248),(1696,1280),(1728,1280),(1728,1312),(1760,1312),(1760,896),(1728,896),(1728,960)
}

buyzones {
(0,0,0,32,32)
(1,0,0,32,32)
}

spawns {
(1,1408,1504);(0,864,32);(0,864,160);(0,1248,160);(0,1248,32);(1,1248,1504);(1,1120,1504);(1,992,1504);(1,896,1504);(1,768,1504);(1,800,1536);(1,736,1536);(1,928,1536);(1,864,1536);(1,1152,1536);(1,1376,1536)
}

waypoints {
(1056,128);(1056,288);(976,288);(992,128);(1120,128);(1248,1440);(1056,192);(960,384);(992,480);(992,608);(960,704);(992,832);(992,896);(1408,1472);(1408,1440);(1376,1376);(1376,1312);(1248,1440);(1280,1312);(1120,1216);(1120,1408);(1120,1280);(992,1408);(1024,1440);(992,1280);(896,1472);(896,1312);(992,1248);(768,1472);(768,1376);(832,1248);(960,1184);(1024,1088);(960,992);(960,768)
}

guns {
(4,976,48);(4,976,48);(4,976,48);(4,976,48);(5,1136,48);(5,1136,48);(5,1136,48);(5,1136,48);(17,1184,112);(17,1184,112);(17,1184,112);(17,1136,112);(17,1136,112);(18,928,112);(18,928,112);(18,928,112);(18,976,112);(18,976,112);(18,976,112);(18,976,112);(17,1136,112);(17,1136,112);(23,1056,48);(17,1136,112);(17,1184,112);(18,928,112);(18,928,112);(18,976,112);(18,976,112);(18,976,112);(4,976,48);(5,1136,48);(27,1248,96);(27,1248,96);(25,864,96);(25,864,96);(10,1728,1504);(25,544,1568);(10,1824,1152);(25,720,1456);(1,304,1216);(2,1888,32);(2,1888,0);(2,1920,32)
}
