tiles {
35,35,35,35,35,35,35,35,35,35,35,35,35,35,35,35,35,35,35,35,35,35,35,35,35,35,35,35,35,35,35,35,35,35,35,35,35,35,35,35,35,35,35,35,35,35,35,35,35,35
35,35,35,35,35,35,35,35,35,35,35,35,35,35,35,35,35,35,35,35,35,35,35,35,35,35,35,35,35,35,35,35,35,35,35,35,35,35,35,35,35,35,35,35,35,35,35,35,35,35
35,35,35,35,35,35,35,35,35,35,35,35,35,35,35,35,35,35,35,35,35,35,35,35,35,35,35,35,35,35,35,35,35,35,35,35,35,35,35,35,35,35,35,35,35,35,35,35,35,35
35,35,35,35,35,35,35,35,35,35,35,35,35,35,35,35,35,35,35,35,35,35,35,35,35,35,35,35,74,61,61,61,61,61,73,35,35,35,35,35,35,35,35,35,35,35,35,35,35,35
35,35,35,35,35,35,35,35,35,35,35,35,35,35,35,35,35,35,35,63,61,61,61,61,62,35,35,35,35,35,35,35,35,35,35,35,35,74,61,61,62,35,35,35,35,35,35,35,35,35
35,35,35,35,35,35,63,61,61,61,61,62,35,35,35,35,35,35,63,64,14,3,3,11,42,14,11,35,35,35,35,35,35,35,35,35,14,3,3,11,65,62,35,35,35,35,35,35,35,35
35,35,35,35,35,63,64,23,16,16,24,65,73,35,35,35,35,35,44,14,6,0,0,4,44,2,7,11,74,62,35,35,35,63,73,14,9,1,1,10,11,65,62,35,35,35,35,35,35,35
35,35,35,35,35,42,14,33,74,73,28,3,11,35,35,35,35,35,14,6,0,8,1,10,3,9,1,10,11,65,61,61,61,64,14,6,4,74,73,2,7,11,42,35,35,35,35,35,35,35
35,35,35,35,35,42,2,7,3,3,6,0,36,16,16,16,16,16,30,1,5,4,53,2,0,4,43,13,31,16,16,16,25,3,6,0,7,3,3,6,0,4,42,35,35,35,35,35,35,35
35,35,35,35,35,42,2,0,0,0,0,8,12,35,35,35,35,35,49,50,2,7,3,6,0,4,44,35,35,35,35,35,2,8,1,5,0,0,0,0,0,4,42,35,35,35,35,35,35,35
35,35,35,35,35,42,13,5,0,0,0,4,74,61,62,35,35,35,52,51,2,0,8,1,5,36,18,35,35,35,35,35,2,4,53,2,8,1,5,0,8,12,42,35,35,35,35,35,35,35
35,35,35,35,35,65,62,13,37,1,5,7,3,11,65,62,35,35,14,3,6,8,12,43,2,4,53,17,53,17,53,23,30,10,3,6,4,43,2,8,12,63,64,35,35,35,35,35,35,35
35,35,35,35,35,35,65,62,19,43,13,5,0,7,11,65,73,20,38,0,0,4,74,64,2,7,3,39,3,39,3,33,53,2,0,8,12,42,13,12,63,64,35,35,35,35,35,35,35,35
35,35,35,35,35,35,35,42,55,76,50,2,8,1,10,3,11,53,2,0,0,4,35,35,13,1,1,1,5,8,1,10,3,9,1,12,63,78,61,61,64,35,35,35,35,35,35,35,35,35
35,35,35,35,35,35,35,42,55,46,48,13,12,43,2,8,31,25,6,8,1,10,11,35,35,35,74,73,2,4,53,2,0,4,74,75,64,35,35,35,35,35,35,35,35,35,35,35,35,35
35,35,35,35,35,35,35,42,17,46,71,45,45,80,2,4,53,2,8,12,53,13,31,18,35,35,35,20,38,36,16,30,1,10,11,42,35,35,35,35,35,35,35,35,35,35,35,35,35,35
35,35,35,35,35,35,35,42,15,52,47,47,47,51,2,7,3,9,12,35,35,35,40,41,35,35,35,35,2,4,35,35,35,2,4,42,35,63,61,62,35,35,35,35,35,35,35,35,35,35
35,35,35,35,35,35,35,42,27,18,57,57,14,3,9,1,5,4,53,35,35,35,14,3,11,35,35,35,13,10,11,53,14,6,4,65,61,64,17,42,35,35,35,35,35,35,35,35,35,35
35,35,35,35,35,35,35,42,19,63,61,62,2,8,12,53,13,10,11,35,35,35,13,1,12,35,35,35,53,2,7,3,9,1,12,54,54,20,32,42,35,35,35,35,35,35,35,35,35,35
35,35,35,35,35,35,35,65,61,64,35,42,2,4,35,35,35,2,4,35,35,35,35,58,59,35,35,35,14,9,1,5,4,49,45,45,45,50,15,42,35,35,35,35,35,35,35,35,35,35
35,35,35,35,35,35,35,35,35,35,35,42,13,10,3,26,16,38,36,18,35,35,35,20,25,11,53,14,6,4,53,2,4,77,47,47,72,48,19,42,35,35,35,35,35,35,35,35,35,35
35,35,35,35,35,35,35,35,35,35,63,78,73,2,0,4,53,2,4,74,73,35,35,35,13,10,3,6,8,31,25,6,4,44,14,11,46,48,56,42,35,35,35,35,35,35,35,35,35,35
35,35,35,35,35,35,63,61,61,75,64,14,3,9,1,10,3,6,7,3,3,3,11,35,35,2,0,0,4,53,13,1,10,3,6,4,52,79,56,42,35,35,35,35,35,35,35,35,35,35
35,35,35,35,35,63,64,14,11,42,14,6,0,4,53,29,1,37,1,37,1,5,4,63,73,2,0,0,36,18,74,62,13,5,0,7,11,44,17,65,62,35,35,35,35,35,35,35,35,35
35,35,35,35,63,64,14,6,4,44,2,8,1,10,26,21,53,19,53,19,53,2,4,44,14,6,8,1,12,35,35,65,62,13,1,5,7,3,39,11,65,62,35,35,35,35,35,35,35,35
35,35,35,35,42,14,6,0,7,3,6,4,53,2,4,35,35,35,35,35,20,38,7,3,6,0,4,49,50,35,35,35,65,61,73,2,0,0,0,7,11,42,35,35,35,35,35,35,35,35
35,35,35,35,42,2,0,0,0,0,0,7,3,6,4,35,35,35,35,35,43,2,0,8,1,5,4,52,51,35,35,35,35,35,14,6,0,0,0,0,4,42,35,35,35,35,35,35,35,35
35,35,35,35,42,2,0,8,1,1,5,0,8,1,31,16,16,16,25,11,44,2,0,4,53,2,7,3,26,16,16,16,16,16,38,0,8,1,1,5,4,42,35,35,35,35,35,35,35,35
35,35,35,35,42,13,5,4,74,73,2,8,12,63,61,61,61,62,13,10,3,9,1,10,3,6,0,8,12,35,35,35,35,35,13,1,34,74,73,29,12,42,35,35,35,35,35,35,35,35
35,35,35,35,65,60,13,10,3,3,9,12,74,64,35,35,35,65,73,13,5,4,43,2,0,8,1,12,43,35,35,35,35,35,74,62,22,16,16,21,63,64,35,35,35,35,35,35,35,35
35,35,35,35,35,65,60,13,1,1,12,35,35,35,35,35,35,35,35,35,13,12,42,13,1,12,63,61,64,35,35,35,35,35,35,65,61,61,61,61,64,35,35,35,35,35,35,35,35,35
35,35,35,35,35,35,65,61,61,73,35,35,35,35,35,35,35,35,35,35,35,35,65,61,61,61,64,35,35,35,35,35,35,35,35,35,35,35,35,35,35,35,35,35,35,35,35,35,35,35
35,35,35,35,35,35,35,35,35,35,35,35,74,61,61,61,61,61,73,35,35,35,35,35,35,35,35,35,35,35,35,35,35,35,35,35,35,35,35,35,35,35,35,35,35,35,35,35,35,35
35,35,35,35,35,35,35,35,35,35,35,35,35,35,35,35,35,35,35,35,35,35,35,35,35,35,35,35,35,35,35,35,35,35,35,35,35,35,35,35,35,35,35,35,35,35,35,35,35,35
35,35,35,35,35,35,35,35,35,35,35,35,35,35,35,35,35,35,35,35,35,35,35,35,35,35,35,35,35,35,35,35,66,67,68,69,70,35,35,35,35,35,35,35,35,35,35,35,35,35
35,35,35,35,35,35,35,35,35,35,35,35,35,35,35,35,35,35,35,35,35,35,35,35,35,35,35,35,35,35,35,35,35,35,35,35,35,35,35,35,35,35,35,35,35,35,35,35,35,35
}

collision {
(160,384),(192,384),(192,416),(224,416),(224,640),(320,640),(320,608),(352,608),(352,672),(320,672),(320,704),(192,704),(192,736),(160,736),(160,768),(128,768),(128,960),(160,960),(160,992),(192,992),(192,1024),(320,1024),(320,992),(224,992),(224,960),(192,960),(192,928),(160,928),(160,800),(192,800),(192,768),(224,768),(224,736),(288,736),(288,800),(320,800),(320,736),(352,736),(352,704),(416,704),(416,672),(384,672),(384,576),(288,576),(288,608),(256,608),(256,384),(224,384),(224,352),(192,352),(192,224),(224,224),(224,192),(352,192),(352,224),(416,224),(416,192),(384,192),(384,160),(192,160),(192,192),(160,192),(160,192),(160,384)
(256,224),(256,256),(320,256),(320,224),(256,224)
(320,384),(320,416),(352,416),(352,448),(352,480),(416,480),(416,448),(448,448),(448,544),(288,544),(288,384),(320,384)
(512,576),(512,608),(480,608),(480,576),(512,576)
(544,480),(544,512),(512,512),(512,480),(544,480)
(576,448),(576,416),(544,416),(544,448),(576,448)
(512,416),(480,416),(480,384),(448,384),(448,352),(384,352),(384,320),(480,320),(480,352),(512,352),(512,384),(544,384),(544,416),(512,416)
(608,576),(608,544),(576,544),(576,576),(608,576)
(640,352),(640,288),(576,288),(576,352),(640,352)
(576,160),(608,160),(608,128),(800,128),(800,224),(768,224),(768,160),(640,160),(640,192),(608,192),(608,224),(576,224),(576,160)
(1056,384),(1056,416),(1024,416),(1024,384),(1056,384)
(928,224),(928,256),(1088,256),(1088,224),(1120,224),(1120,192),(1056,192),(1056,224),(960,224),(960,192),(896,192),(896,224),(928,224)
(1120,128),(1120,96),(896,96),(896,128),(1120,128)
(1280,160),(1280,192),(1312,192),(1312,224),(1344,224),(1344,352),(1312,352),(1312,384),(1280,384),(1280,416),(1216,416),(1216,352),(1184,352),(1184,416),(1152,416),(1152,448),(1088,448),(1088,480),(1120,480),(1120,576),(1216,576),(1216,544),(1248,544),(1248,768),(1280,768),(1280,800),(1312,800),(1312,928),(1280,928),(1280,960),(1152,960),(1152,928),(1088,928),(1088,960),(1120,960),(1120,992),(1312,992),(1312,960),(1344,960),(1344,768),(1312,768),(1312,736),(1280,736),(1280,512),(1184,512),(1184,544),(1152,544),(1152,480),(1184,480),(1184,448),(1312,448),(1312,416),(1344,416),(1344,384),(1376,384),(1376,192),(1344,192),(1344,160),(1312,160),(1312,128),(1184,128),(1184,160),(1280,160)
(1184,224),(1184,256),(1248,256),(1248,224),(1184,224)
(704,288),(736,288),(736,256),(704,256),(704,288)
(736,352),(736,384),(704,384),(704,416),(768,416),(768,352),(736,352)
(832,480),(896,480),(896,448),(832,448),(832,480)
(1248,928),(1248,896),(1184,896),(1184,928),(1248,928)
(1184,768),(1184,736),(1152,736),(1152,672),(1088,672),(1088,704),(1056,704),(1056,608),(1216,608),(1216,768),(1184,768)
(1024,832),(1024,800),(992,800),(992,768),(960,768),(960,704),(928,704),(928,736),(1024,736),(1024,768),(1056,768),(1056,800),(1120,800),(1120,832),(1024,832)
(864,800),(864,864),(928,864),(928,800),(864,800)
(928,992),(864,992),(864,1024),(704,1024),(704,928),(736,928),(736,992),(832,992),(832,960),(896,960),(896,928),(928,928),(928,992)
(992,480),(992,448),(960,448),(960,480),(992,480)
(992,576),(1024,576),(1024,544),(992,544),(992,576)
(992,640),(992,672),(960,672),(960,640),(992,640)
(928,576),(896,576),(896,608),(928,608),(928,576)
(832,640),(832,672),(864,672),(864,640),(832,640)
(736,736),(736,800),(768,800),(768,768),(800,768),(800,736),(736,736)
(608,704),(608,672),(672,672),(672,704),(608,704)
(512,704),(544,704),(544,672),(512,672),(512,704)
(672,480),(672,512),(640,512),(640,480),(672,480)
(800,896),(800,864),(768,864),(768,896),(800,896)
(544,960),(544,928),(448,928),(448,960),(384,960),(384,928),(416,928),(416,896),(576,896),(576,928),(608,928),(608,960),(544,960)
(416,800),(384,800),(384,832),(416,832),(416,800)
(256,896),(256,928),(320,928),(320,896),(256,896)
(480,768),(480,736),(448,736),(448,768),(480,768)
(1120,352),(1120,320),(1088,320),(1088,352),(1120,352)
(384,1056),(608,1056),(608,1024),(384,1024),(384,1056)
(864,320),(864,256),(832,256),(832,320),(864,320)
(832,384),(864,384),(864,352),(832,352),(832,384)
(896,384),(928,384),(928,352),(896,352),(896,384)
(992,352),(992,384),(960,384),(960,352),(992,352)
(672,768),(672,800),(640,800),(640,768),(672,768)
(576,800),(576,768),(608,768),(608,800),(576,800)
(512,800),(512,768),(544,768),(544,800),(512,800)
(672,896),(672,832),(640,832),(640,896),(672,896)
}

collisionPeople {
(1056,544),(960,544),(960,512),(1056,512),(1056,544)
(544,640),(448,640),(448,608),(544,608),(544,640)
(608,640),(640,640),(640,672),(672,672),(672,704),(736,704),(736,736),(800,736),(800,704),(768,704),(768,672),(736,672),(736,608),(704,608),(704,512),(608,512),(608,640)
(704,448),(736,448),(736,480),(768,480),(768,544),(800,544),(800,640),(896,640),(896,512),(864,512),(864,480),(832,480),(832,448),(768,448),(768,416),(704,416),(704,448)
(416,288),(416,320),(480,320),(480,352),(512,352),(512,384),(576,384),(576,288),(416,288)
(1024,832),(1024,800),(992,800),(992,768),(928,768),(928,864),(1088,864),(1088,832),(1024,832)
(352,192),(128,192),(160,992),(320,992),(352,992),(352,960),(640,960),(640,992),(704,992),(832,992),(928,960),(928,896),(1088,896),(1088,928),(1152,960),(1312,960),(1376,224),(1280,160),(1152,160),(1152,192),(1120,192),(864,192),(864,160),(800,160),(768,160),(608,160),(576,224),(576,256),(416,256),(416,192),(352,192)
(480,800),(640,800),(640,864),(480,864),(480,800)
(864,352),(864,288),(1024,288),(1024,352),(864,352)
}

spawns {
(1,1264,880);(0,240,272);(0,304,272);(0,368,272);(0,336,336);(0,272,336);(1,1200,880);(1,1136,880);(1,1168,816);(1,1232,816);(1,1200,272);(1,1264,272);(1,1136,272);(1,1168,336);(1,1232,336);(0,272,816);(0,336,816);(0,304,880);(0,368,880);(0,240,880)
}

waypoints {
(688,336);(368,768);(464,688);(416,608);(480,544);(352,560);(272,512);(272,416);(384,384);(480,448);(576,480);(640,416);(720,496);(752,576);(800,656);(592,624);(576,720);(688,752);(448,864);(576,880);(656,928);(720,848);(800,816);(784,928);(848,896);(864,736);(912,656);(1008,704);(1024,624);(960,576);(944,880);(1056,880);(1104,752);(1232,736);(1232,640);(1152,592);(1088,544);(928,496);(1040,464);(1104,384);(960,400);(864,416);(800,384);(688,336);(784,288);(848,208);(912,272);(1024,272);(688,208);(608,272);(480,272)
}

guns {
}
