tiles {
113,113,113,113,113,113,113,113,113,113,113,113,113,113,113,113,113,113,113,113,113,113,113,113,113,113,113,113,113,113,113,113,113,113,113,113,113,113,113,113,113,113,113,113,113,113,113,113,113,113,113,113,113,113,113,113,113,113,113,113,113,113,113,113,113,113,113,113,113,113
51,51,51,51,51,51,51,51,51,51,51,51,51,51,51,51,51,51,51,51,51,51,51,51,51,51,51,51,51,51,51,51,51,51,51,51,51,51,51,51,51,51,51,51,51,51,51,51,51,51,51,51,51,51,51,51,51,51,51,51,51,51,51,51,51,51,51,51,51,51
198,17,18,17,18,17,18,17,18,17,18,17,18,17,18,17,18,17,18,17,18,17,18,17,18,17,18,17,18,17,18,17,18,17,18,17,18,17,18,17,18,17,18,17,18,17,18,17,18,17,23,3,24,17,18,17,18,17,18,17,18,17,18,17,18,17,18,17,18,17
199,16,66,16,160,161,16,16,16,66,16,16,16,201,202,16,16,190,191,16,66,16,5,16,16,16,27,102,16,46,16,16,16,16,5,16,16,16,66,16,16,16,16,46,37,38,39,66,16,16,23,3,3,24,16,16,16,16,77,16,16,16,16,16,16,16,16,16,16,16
198,18,17,18,17,18,17,18,17,18,17,190,191,18,17,18,17,18,17,18,17,18,17,18,17,18,26,18,17,18,17,18,17,18,17,18,17,18,17,18,17,18,17,18,17,18,17,18,17,18,17,23,3,3,24,18,17,18,17,18,17,18,17,18,17,18,7,8,9,18
199,16,16,5,16,16,46,16,16,16,5,16,5,16,44,45,16,16,16,16,16,16,16,16,46,16,25,46,66,46,16,16,46,171,172,16,66,7,8,9,44,45,77,16,6,16,16,16,5,16,16,23,3,3,24,16,16,16,77,16,16,16,7,8,9,16,16,16,16,16
198,17,18,17,18,17,18,160,161,17,18,17,18,17,18,17,18,17,18,17,18,17,18,17,18,17,18,17,18,17,18,17,18,17,18,17,18,17,18,17,18,17,18,17,18,162,18,17,18,17,23,3,3,24,18,17,18,17,18,17,18,17,18,17,18,17,18,17,18,17
199,46,16,16,16,16,16,6,16,16,190,191,16,171,172,16,190,191,46,16,16,16,16,16,16,16,66,16,16,171,172,16,66,201,202,46,16,16,16,16,16,16,66,16,66,163,46,16,171,172,23,3,24,16,16,16,16,16,77,16,16,16,7,8,9,16,16,16,190,191
51,51,51,51,51,51,51,51,51,51,51,51,51,51,51,51,51,51,51,51,51,51,51,51,51,51,51,51,51,51,51,51,51,51,51,51,51,51,51,51,51,51,51,51,51,51,51,51,51,51,51,51,51,51,51,51,51,51,51,51,51,51,51,51,51,51,51,51,51,51
113,113,113,113,113,113,113,113,113,113,113,113,113,113,113,113,113,113,113,113,113,113,113,113,113,113,113,113,113,113,113,113,113,113,113,113,113,113,113,113,113,113,113,113,113,113,113,113,113,113,113,113,113,113,113,113,113,113,113,113,113,113,113,113,113,113,113,113,113,113
}

collision {
(32,64),(1600,64),(32,64)
(1600,256),(32,256),(1600,256)
}

collisionPeople {
(832,192),(864,192),(864,96),(832,96),(832,192)
(1056,256),(1120,256),(1120,224),(1056,224),(1056,256)
(1184,192),(1280,192),(1280,160),(1184,160),(1184,192)
(1408,128),(1504,128),(1504,96),(1408,96),(1408,128)
(416,128),(480,128),(480,96),(416,96),(416,128)
(544,128),(608,128),(608,96),(544,96),(544,128)
(512,256),(576,256),(576,224),(512,224),(512,256)
(352,160),(416,160),(416,128),(352,128),(352,160)
(320,256),(384,256),(384,224),(320,224),(320,256)
(288,192),(288,224),(224,224),(224,192),(288,192)
(128,128),(192,128),(192,96),(128,96),(128,128)
(32,256),(32,64),(32,256)
(1440,256),(1472,256),(1472,192),(1440,192),(1440,256)
(2240,64),(1600,64),(2240,64)
(2240,256),(2240,64),(2240,256)
(2240,256),(1600,256),(2240,256)
(1696,96),(1664,96),(1696,96)
(1728,128),(1696,128),(1728,128)
(1728,192),(1696,192),(1728,192)
(1696,224),(1664,224),(1696,224)
(1664,192),(1632,192),(1664,192)
(1664,128),(1632,128),(1664,128)
(1984,192),(2080,192),(2080,160),(1984,160),(1984,192)
(1984,256),(2080,256),(2080,224),(1984,224),(1984,256)
(2112,160),(2208,160),(2208,128),(2112,128),(2112,160)
(2176,256),(2240,256),(2240,224),(2176,224),(2176,256)
}

buyzones {
(0,832,96,1504,256)
(1,64,96,1600,256)
}

spawns {
(1,480,192);(1,800,224);(0,2144,96);(0,2176,96);(0,2016,128);(0,2048,128);(0,1952,160);(0,1952,192);(0,1952,224);(0,1952,96);(0,1984,96);(0,2112,96);(0,2080,96);(1,128,160);(1,736,128);(1,704,192);(1,544,160);(1,544,192);(1,160,224);(1,96,192);(1,160,192);(1,192,160);(1,224,128);(1,256,128);(1,256,160);(1,288,160);(1,416,192);(1,608,160);(1,576,224);(1,512,224);(1,384,224);(1,352,224);(1,288,192);(1,256,192);(1,704,224);(1,736,192);(1,736,160);(1,768,160);(1,800,160);(1,768,224);(1,672,160);(1,608,160);(1,640,224)
}

waypoints {
(1344,160);(1248,128);(1088,128);(992,192);(800,224);(672,192);(480,192);(352,192);(1824,160);(1600,160);(1184,224);(1696,160)
}

guns {
(8,1376,224);(8,1376,160);(13,1344,128);(11,1408,224);(11,1408,192);(11,1440,160);(11,1472,160);(26,864,128);(26,896,128);(27,896,96);(27,864,96);(25,1024,224);(25,1024,256);(27,1152,224);(27,1152,256);(20,1376,192);(20,1344,224);(20,1376,128);(10,1536,160);(10,1536,192);(10,1568,128)
}
