tiles {
41,41,41,41,40,40,40,41,41,41,41,40,40,41,40,40,52,102,100,99
16,16,16,66,16,16,16,16,16,16,16,16,16,16,16,16,52,100,99,100
16,16,16,16,16,16,16,46,16,16,66,16,16,16,16,66,52,100,100,100
16,46,16,16,16,16,16,16,16,16,16,16,16,16,16,16,52,100,100,100
16,16,16,16,66,16,16,16,16,16,16,16,46,16,16,16,100,100,100,100
16,16,16,16,16,16,16,16,16,6,16,16,16,16,16,16,52,100,100,100
16,66,16,16,16,16,46,16,16,16,16,16,16,16,16,16,52,52,98,97
16,16,16,46,16,16,16,16,16,3,3,3,3,3,16,16,16,16,52,52
16,16,16,16,16,16,16,16,16,16,16,16,21,16,16,16,16,22,16,16
3,3,3,3,3,3,3,3,24,16,16,16,16,16,16,3,3,3,3,3
16,16,16,16,16,16,16,16,16,16,16,16,46,16,16,16,16,16,16,16
29,29,29,29,29,29,29,29,29,29,29,29,29,29,29,29,29,29,29,29
16,16,16,16,16,16,16,16,16,16,16,16,16,16,16,16,16,16,16,16
18,17,18,17,18,17,18,17,18,17,18,17,18,17,18,17,18,17,18,17
17,18,17,18,17,18,17,18,17,18,17,18,17,18,17,18,17,18,17,18
16,16,16,16,16,16,16,16,16,16,16,16,16,16,16,16,16,16,16,16
28,28,28,28,28,28,28,28,28,28,28,28,28,28,28,28,28,28,28,28
16,16,7,8,9,16,16,16,27,16,16,16,7,8,9,16,16,16,16,16
41,16,16,16,16,16,16,16,26,16,16,16,16,16,16,16,16,16,16,16
41,16,16,6,16,16,16,20,25,20,16,16,3,3,3,16,20,37,38,39
}

collision {
(288,544),(288,640),(288,544)
(288,544),(256,544),(288,544)
(256,544),(256,640),(256,544)
(480,544),(480,576),(480,544),(384,544),(480,544)
(384,544),(384,576),(384,544)
(384,576),(480,576),(384,576)
(544,608),(544,640),(544,608)
(640,608),(544,608),(640,608)
(160,544),(64,544),(160,544)
(64,576),(160,576),(64,576)
(64,576),(64,544),(64,576)
(160,576),(160,544),(160,576)
(288,288),(0,288),(288,288)
(480,320),(480,288),(480,320)
(640,320),(480,320),(640,320)
(544,288),(480,288),(544,288)
(640,288),(576,288),(640,288)
(512,224),(512,160),(512,224)
(576,224),(512,224),(576,224)
(576,256),(576,224),(576,256)
(576,256),(640,256),(576,256)
(512,32),(0,32),(512,32)
(512,128),(512,32),(512,128)
(544,128),(512,128),(544,128)
(544,32),(544,128),(544,32)
(576,32),(544,32),(576,32)
(576,0),(576,32),(576,0)
(544,160),(512,160),(544,160)
(544,192),(544,160),(544,192)
(576,192),(544,192),(576,192)
(576,224),(576,192),(576,224)
(640,224),(576,224),(640,224)
(640,640),(640,0),(640,640)
(640,640),(0,640),(640,640)
(0,0),(0,640),(0,0)
(288,256),(288,224),(288,256)
(384,256),(288,256),(384,256)
(448,256),(416,256),(448,256)
(448,224),(448,256),(448,224)
(288,224),(448,224),(288,224)
(384,256),(416,256),(384,256)
(256,288),(256,288)
(0,320),(288,320),(0,320)
}

buyzones {
(0,0,512,640,640)
(1,544,0,640,224)
}

spawns {
(1,96,96);(1,96,96);(1,192,96);(1,320,96);(1,448,96);(1,128,128);(1,256,128);(1,416,128);(1,192,160);(1,352,160);(0,608,544);(0,608,544);(0,544,544);(0,352,544);(0,192,544);(0,192,608);(0,352,608);(0,544,576);(0,608,576);(0,192,576);(0,352,576);(0,576,544);(0,576,576);(1,64,64);(1,128,64);(1,192,64);(1,256,64);(1,320,64);(1,384,64);(1,448,64);(1,160,96);(1,256,96);(1,384,96);(1,192,128);(1,64,128);(1,320,128);(1,448,128);(1,96,128);(1,96,64);(1,288,64);(1,288,96);(1,288,128);(1,224,128);(1,224,96);(1,224,64);(1,160,96);(1,160,128);(1,160,64);(1,64,96);(1,128,96);(1,352,128);(1,352,96);(1,352,64);(1,416,96);(1,96,352);(1,128,352);(1,192,352);(1,288,352);(1,320,352);(1,352,352);(1,448,352);(1,448,352);(1,512,352);(1,576,352);(1,608,352);(1,576,352);(1,544,384);(1,544,352);(1,352,352);(1,384,352);(1,416,352);(1,448,352);(1,224,352);(1,256,352);(1,96,352);(1,64,352);(1,160,352);(1,480,352);(1,32,352);(1,96,384);(0,384,288);(0,416,288);(1,544,320);(1,576,320);(0,96,512);(0,128,512);(0,576,512);(0,544,512);(0,320,512);(0,352,512)
}

waypoints {
(128,96);(128,96);(448,96);(480,256);(384,352);(256,256);(352,320);(416,320);(256,416);(480,416);(544,480);(192,480)
}

guns {
(10,544,576);(10,544,576);(10,576,576);(10,608,576);(10,544,544);(10,576,544);(10,608,544);(8,352,608);(8,192,608);(17,192,576);(17,192,544);(17,352,544);(17,352,576);(26,384,608);(26,416,608);(26,448,608);(26,480,608);(25,384,576);(25,416,576);(25,448,576);(25,480,576);(23,576,64);(23,608,64);(23,608,96);(23,576,96);(23,576,128);(23,608,128);(23,608,160);(23,576,160);(8,384,288);(8,416,288);(7,96,512);(7,128,512);(7,320,512);(7,352,512);(7,544,512);(7,576,512)
}
