tiles {
84,85,86,87,10,9,10,10,9,10,10,9,10,10,10,9,10,10,9,10,10,10,9,10,10,9,10,10,9,10,10,10,9,10,10,9,10,10,10,9,10,10
2,3,2,2,2,3,2,2,3,2,3,2,2,2,3,2,2,2,3,2,2,2,3,2,2,2,3,2,2,2,3,2,2,2,3,2,2,2,3,2,2,3
2,2,2,2,2,2,2,2,2,2,2,2,2,2,2,2,2,2,2,2,2,2,2,2,2,2,2,2,2,2,2,2,2,2,2,2,2,2,2,2,2,2
44,44,44,44,44,44,44,44,44,44,44,44,44,44,44,44,44,44,44,44,44,44,44,44,44,44,44,44,44,44,44,44,44,44,44,44,44,44,44,44,44,44
33,33,33,57,33,33,33,33,33,33,33,33,33,33,33,57,33,33,33,33,33,33,33,33,57,33,33,33,33,33,33,33,33,33,33,57,33,33,33,33,33,33
28,28,28,28,28,28,28,74,75,76,77,28,28,28,28,28,28,28,28,28,28,28,28,28,28,28,28,28,28,28,28,28,28,28,28,28,28,28,66,67,68,69
35,35,35,35,35,35,35,79,80,81,82,31,35,35,35,35,35,35,35,35,41,42,35,35,35,35,35,35,35,35,35,41,42,35,35,35,35,35,70,71,72,73
4,6,4,4,4,4,4,56,32,29,30,34,56,4,4,4,7,4,4,32,29,30,34,4,4,4,4,4,6,56,32,29,30,34,56,4,7,4,4,4,4,4
4,0,0,0,0,0,0,0,32,29,30,34,0,0,0,0,0,0,0,32,29,30,34,0,0,0,0,0,0,0,32,29,30,34,0,0,0,0,0,0,0,4
4,0,38,49,51,14,22,0,32,29,30,34,0,47,21,21,47,47,0,32,29,30,34,0,22,38,49,51,14,0,32,29,30,34,0,47,21,21,47,47,0,5
16,40,47,47,47,47,47,40,32,29,30,34,39,47,21,21,47,47,40,32,29,30,34,39,47,47,47,47,47,40,32,29,30,34,40,47,21,21,47,47,39,15
20,40,47,47,21,21,47,40,32,29,30,34,39,47,47,47,47,47,40,32,29,30,34,39,47,47,21,21,47,40,32,29,30,34,40,47,47,47,47,47,39,19
5,1,47,47,21,21,47,1,32,29,30,34,1,22,8,50,52,38,1,32,29,30,34,1,47,47,21,21,47,1,32,29,30,34,1,8,50,38,52,22,1,4
4,1,1,1,1,1,1,1,32,29,30,34,1,1,1,1,1,1,1,32,29,30,34,1,1,1,1,1,1,1,32,29,30,34,1,1,1,1,1,1,1,4
4,4,4,7,4,4,4,56,32,29,30,34,56,4,4,4,4,4,6,32,29,30,34,4,4,7,4,4,4,56,32,29,30,34,56,4,4,4,4,6,4,4
28,28,28,28,28,28,28,28,28,36,37,28,28,28,28,28,28,28,28,28,36,37,28,28,28,28,28,28,28,28,28,58,59,60,61,28,28,28,28,28,28,28
35,35,35,35,35,35,35,35,35,35,35,35,35,35,35,35,35,35,35,35,35,35,35,35,35,35,35,35,35,35,35,62,63,64,65,35,35,35,35,35,35,35
27,27,27,57,27,27,27,27,27,27,27,27,27,27,27,27,57,27,27,27,27,27,27,27,27,27,27,27,27,57,27,27,27,27,27,27,27,27,57,27,27,27
54,54,54,54,54,54,54,54,54,54,54,54,54,54,54,54,54,54,54,54,54,54,54,54,54,54,54,54,54,54,54,54,54,54,54,54,54,54,54,54,54,54
2,2,2,2,2,2,2,2,2,2,2,2,2,2,2,2,2,2,2,2,2,2,2,2,2,2,2,2,2,2,2,2,2,2,2,2,2,2,2,2,2,2
2,3,2,2,3,2,2,3,2,2,3,2,2,3,2,2,3,2,2,3,2,2,2,3,2,2,2,3,2,2,3,2,2,2,3,2,2,2,3,2,2,3
10,10,9,10,10,10,9,10,10,10,9,10,10,10,9,10,10,10,9,10,9,10,9,10,10,9,10,10,9,10,10,9,10,9,10,9,10,9,84,85,86,87
}

collision {
(1,601),(640,600),(1,601)
(1,600),(1,100),(1,600)
(3,357),(7,357),(7,342),(3,343),(0,352),(3,357)
(64,256),(64,320),(32,320),(32,256),(64,256)
(64,256),(224,256),(224,288),(64,288),(64,256)
(192,256),(224,256),(256,256),(256,288),(256,320),(224,320),(192,320),(192,288),(192,256)
(128,416),(192,416),(192,352),(128,352),(128,416)
(32,448),(64,448),(64,384),(32,384),(32,448)
(64,416),(256,416),(256,448),(64,448),(64,416)
(256,448),(256,384),(224,384),(224,448),(256,448)
(448,448),(448,384),(384,384),(448,448)
(448,448),(384,384),(384,448),(448,448)
(448,416),(576,416),(576,384),(608,384),(608,448),(448,448),(448,416)
(608,256),(384,256),(384,288),(384,320),(416,320),(416,288),(576,288),(576,320),(608,320),(608,256)
(448,288),(448,352),(512,352),(512,288),(448,288)
(590,459),(585,465),(583,463),(586,465),(588,467),(592,470),(598,469),(598,465),(598,462),(598,457),(595,456),(592,455),(588,454),(583,461),(590,459)
(55,241),(52,244),(46,244),(52,240),(51,241),(48,240),(44,243),(43,243),(40,240),(40,237),(43,234),(44,232),(46,232),(51,232),(52,232),(54,234),(52,242),(55,241)
(586,468),(584,465),(585,456),(586,468)
(128,160),(128,128),(96,128),(96,160),(128,160)
(512,576),(544,576),(544,544),(512,544),(512,576)
(128,544),(96,544),(96,576),(128,576),(128,544)
(641,600),(1342,599),(1344,608),(1280,608),(1278,601),(641,600)
(638,102),(2,101),(638,102)
(637,101),(637,101)
(637,101),(1343,103),(637,101)
(192,320),(64,320),(69,316),(192,320)
(576,384),(448,384),(576,384)
(960,256),(960,256)
(960,448),(960,448)
(928,448),(736,448),(736,416),(928,416),(928,448)
(736,416),(736,384),(768,384),(768,416),(736,416)
(832,416),(832,416)
(832,416),(896,416),(896,352),(832,352),(832,416)
(928,288),(928,320),(960,320),(928,288)
(736,256),(736,320),(736,256)
(736,320),(960,320),(736,256),(960,256),(736,320)
(960,320),(960,256),(960,320)
(928,448),(960,448),(960,384),(928,384),(928,416),(928,448)
(1344,96),(1345,600),(1344,96)
(1120,96),(1279,99),(1337,104),(1120,96)
(946,101),(950,100),(1120,101),(946,101)
(640,100),(941,100),(640,100)
(1312,256),(1312,320),(1280,320),(1280,288),(1216,288),(1216,288),(1216,352),(1152,352),(1152,288),(1120,288),(1120,320),(1088,320),(1088,256),(1312,256)
(1216,288),(1152,288),(1216,288)
(1088,384),(1088,384)
(1088,384),(1088,448),(1312,448),(1312,384),(1088,384)
(1336,350),(1343,359),(1341,342),(1337,344),(1336,360),(1336,350)
(909,237),(902,236),(905,240),(910,245),(912,245),(906,243),(906,244),(918,242),(918,240),(919,236),(917,232),(914,232),(911,230),(906,230),(905,235),(909,237)
(1265,463),(1259,467),(1259,468),(1259,464),(1257,465),(1255,465),(1255,461),(1255,461),(1258,465),(1262,469),(1268,472),(1270,468),(1270,464),(1270,459),(1270,459),(1269,456),(1266,456),(1264,456),(1262,456),(1260,456),(1257,456),(1265,463)
(832,256),(832,256)
(864,448),(832,448),(864,448)
(960,544),(960,576),(928,576),(928,544),(960,544)
(1248,544),(1248,576),(1216,576),(1216,544),(1248,544)
(1152,128),(1120,128),(1120,160),(1152,160),(1152,128)
(480,160),(512,160),(512,128),(480,128),(480,160)
(768,160),(800,160),(800,128),(800,128),(768,128),(768,160)
(999,504),(1001,513),(1000,521),(999,527),(1008,531),(1012,538),(1024,539),(1046,538),(1062,538),(1073,538),(1081,539),(1094,535),(1105,536),(1114,532),(1117,514),(1116,503),(1111,492),(1089,488),(1066,488),(1045,488),(1028,488),(1011,488),(1001,498),(999,504)
(1023,494),(1103,525),(1060,530),(1029,528),(1059,498),(1112,507),(1022,510),(1023,494)
(1004,529),(997,509),(1004,529)
(1225,171),(1224,182),(1222,196),(1222,200),(1222,212),(1227,217),(1234,220),(1236,220),(1248,219),(1264,217),(1288,217),(1302,218),(1318,218),(1318,218),(1326,218),(1332,218),(1336,217),(1329,217),(1323,217),(1306,219),(1322,218),(1336,214),(1341,211),(1341,197),(1340,185),(1335,172),(1322,165),(1303,167),(1262,167),(1243,170),(1229,170),(1225,171)
(232,207),(266,215),(272,215),(282,215),(287,216),(287,214),(273,214),(253,214),(233,216),(228,213),(306,216),(319,216),(328,218),(333,219),(348,218),(349,206),(353,196),(351,182),(346,168),(340,165),(324,164),(233,168),(231,173),(232,207)
(1236,167),(1256,172),(1281,166),(1328,169),(1222,187),(1222,206),(1239,220),(1247,221),(1331,221),(1324,222),(1252,219),(1301,217),(1316,217),(1236,167)
}

buyzones {
(0,608,704,640,736)
(1,576,704,608,736)
}

spawns {
(0,32,128);(0,64,128);(0,32,192);(0,64,192);(1,1280,576);(1,1312,576);(1,1312,512);(1,1280,512);(1,1247,512);(0,96,192)
}

waypoints {
(320,320);(320,384);(1024,384);(1024,320);(672,384);(672,320)
}

guns {
(5,546,334);(5,97,372);(25,545,366);(25,97,338);(25,800,384);(25,1248,320);(6,1248,352);(6,800,352);(11,192,192);(11,192,160);(11,160,192);(11,160,160);(10,1152,512);(10,1152,544);(10,1184,512);(10,1184,544);(10,32,576);(11,1312,128)
}
