tiles {
8,8,8,8,8,8,8,13,7,121,4,5,121,7,13,8,8,8,8,8,8,8,8,8,8,8,13,7,13,8,8,8,8,8,8
35,15,15,15,15,38,38,13,7,121,4,5,121,7,13,8,2,2,2,2,2,2,2,2,2,8,13,7,13,8,8,38,2,2,2
35,15,229,229,229,6,38,13,7,121,4,5,121,7,13,8,162,156,156,156,156,156,156,156,2,8,13,7,13,8,8,38,2,155,155
35,15,229,229,15,6,38,13,7,121,4,5,121,7,13,8,162,156,156,156,156,156,156,156,2,8,13,7,13,38,38,38,2,155,155
35,15,229,229,162,6,38,13,7,121,4,5,121,7,13,8,2,156,156,156,156,2,2,156,2,8,13,7,13,38,121,121,2,155,155
35,15,229,229,162,6,38,13,7,121,4,5,121,7,13,8,2,2,162,162,2,2,121,17,121,8,13,7,13,38,121,121,2,155,155
35,15,229,229,15,6,38,13,7,121,4,5,121,7,13,8,36,37,36,37,36,37,121,17,121,8,13,7,13,38,121,121,2,155,155
35,15,15,15,15,6,38,13,7,121,4,5,121,7,13,8,8,8,8,8,8,8,121,17,121,8,13,7,13,38,121,121,2,155,2
8,8,8,8,14,6,8,13,7,121,4,5,121,7,13,8,8,8,8,8,8,8,121,17,121,14,13,7,13,38,121,121,6,6,38
12,12,12,12,12,6,12,10,7,121,4,5,121,7,9,12,12,12,12,12,12,12,121,17,121,12,10,7,9,12,121,121,12,12,12
7,7,7,7,7,7,7,7,7,121,4,5,121,7,7,7,7,7,7,7,7,7,121,17,121,7,7,7,7,7,121,121,7,7,7
121,121,121,121,121,121,121,121,121,121,18,18,121,121,121,121,121,121,121,121,121,121,121,121,121,121,121,121,121,121,121,121,121,121,121
19,19,19,19,19,19,19,19,19,18,18,18,18,19,19,19,19,19,19,19,19,19,19,19,19,19,19,19,19,19,19,19,19,19,19
20,20,20,20,20,20,20,20,20,18,18,18,18,20,20,20,20,20,20,20,20,20,20,20,20,20,20,20,20,20,20,20,20,20,20
121,121,121,121,121,121,121,121,121,121,18,18,121,121,121,121,121,121,121,121,121,121,121,121,121,121,121,121,121,121,121,121,121,121,121
7,7,7,7,7,7,7,7,7,121,4,5,121,7,7,7,7,7,7,7,7,7,7,7,7,7,7,7,7,7,7,7,7,7,7
12,12,12,12,12,12,12,11,7,121,4,5,121,7,3,12,12,12,12,6,12,12,12,12,12,12,11,7,3,12,17,17,17,17,12
8,8,8,8,8,8,8,13,7,121,4,5,121,7,13,8,8,8,14,6,8,8,8,8,8,8,13,7,13,14,17,17,17,17,8
16,162,162,16,38,8,8,13,7,121,4,5,121,7,13,8,8,8,8,6,8,8,8,8,8,8,13,7,13,8,17,17,17,17,164
227,227,227,16,38,8,8,13,7,121,4,5,121,7,13,38,32,33,38,6,6,6,6,8,8,8,13,7,13,8,17,17,17,17,8
227,227,227,16,38,8,8,13,7,121,4,5,121,7,13,15,15,15,15,115,15,15,6,8,8,8,13,7,13,8,8,8,8,6,8
227,227,227,228,0,0,0,0,7,121,4,5,121,7,13,162,115,115,115,115,115,15,6,8,8,8,13,7,13,16,162,16,38,6,38
227,227,227,16,38,8,14,13,7,121,4,5,121,7,13,162,115,115,115,115,115,115,6,8,8,8,13,7,13,16,118,16,16,118,16
227,227,227,16,38,8,8,13,7,121,4,5,121,7,13,15,115,115,115,115,115,15,8,8,8,8,13,7,13,118,118,118,118,118,118
16,16,16,16,38,8,8,13,7,121,4,5,121,7,13,15,15,15,15,157,15,15,8,8,2,2,13,7,13,16,118,118,118,118,118
8,8,8,8,8,8,8,13,7,121,4,5,121,7,13,8,8,8,8,8,8,8,8,8,2,2,13,7,13,16,16,16,16,16,16
12,12,12,12,12,12,12,10,7,121,4,5,121,7,9,12,12,12,12,12,12,12,12,12,12,12,10,7,9,12,12,12,12,12,12
7,7,7,7,7,7,7,7,7,121,4,5,121,7,7,7,7,7,7,7,7,7,7,7,7,7,7,7,7,7,7,7,7,7,7
12,12,12,12,12,12,12,11,7,121,4,5,121,7,3,12,12,12,12,12,12,12,12,12,12,12,11,7,3,12,12,12,12,12,12
8,8,8,8,8,8,8,13,7,121,4,5,121,7,13,14,8,8,8,33,33,33,33,33,8,8,13,7,13,8,8,33,33,33,33
15,15,34,8,8,8,8,13,7,121,4,5,121,121,121,121,121,121,121,108,2,162,162,2,8,8,13,7,13,8,8,15,162,162,15
120,15,38,8,8,8,8,13,7,121,4,5,121,121,121,121,121,121,121,158,158,158,158,2,8,8,13,7,13,8,8,15,228,228,228
120,15,15,6,8,8,8,13,7,121,4,5,121,7,13,8,8,8,6,2,158,158,158,2,2,34,13,7,13,8,8,15,228,228,228
120,120,120,6,8,8,8,13,7,121,4,5,121,7,13,8,8,8,6,2,158,158,158,158,2,34,13,7,13,8,8,15,228,228,228
120,15,15,6,8,8,8,13,7,121,4,5,121,7,13,8,8,8,6,162,158,158,158,158,2,34,13,7,13,8,8,15,228,228,228
120,15,38,6,8,8,14,13,7,121,4,5,121,7,13,8,8,8,6,162,158,158,158,158,2,34,13,7,13,8,8,15,228,228,228
120,15,34,121,121,121,121,121,121,121,4,5,121,7,13,8,8,8,38,2,158,158,158,158,2,34,13,7,13,8,8,15,228,15,15
120,15,34,121,121,121,121,121,121,121,4,5,121,7,13,8,8,8,38,2,2,2,2,158,2,34,13,7,13,8,8,15,228,15,38
15,15,34,8,8,8,8,13,7,121,4,5,121,7,13,8,8,8,8,8,8,8,8,8,8,8,13,7,13,8,8,6,6,6,6
12,12,12,12,12,12,12,10,7,121,4,5,121,7,9,12,12,12,12,12,12,12,12,12,12,12,10,7,9,12,12,12,12,12,12
}

collision {
(32,256),(160,256),(32,256)
(128,576),(0,576),(0,800),(0,800),(0,576),(128,576)
(800,32),(512,32),(800,32)
(704,704),(704,640),(704,704)
(160,256),(128,256),(128,288),(160,288),(160,256)
(192,736),(224,736),(224,704),(192,704),(192,736)
(800,288),(832,288),(832,256),(800,256),(800,288)
(608,544),(576,544),(576,576),(608,576),(608,544)
(0,1248),(64,1248),(0,1248)
(192,1152),(224,1152),(224,1120),(192,1120),(192,1152)
(832,832),(832,768),(768,768),(768,832),(832,832)
(768,1024),(768,960),(768,1024)
(1120,704),(1120,832),(1120,704)
(480,928),(480,960),(512,960),(512,928),(480,928)
(928,576),(960,576),(960,544),(928,544),(928,576)
(1088,1152),(1120,1184),(1088,1184),(1088,1152)
(128,672),(128,576),(128,672)
(96,608),(96,672),(128,672),(96,608)
(0,608),(96,608),(0,608)
(128,800),(0,800),(128,800)
(128,704),(128,800),(128,704)
(96,704),(128,704),(96,704)
(96,768),(96,704),(96,768)
(0,768),(96,768),(0,768)
(704,640),(640,640),(704,640)
(640,800),(704,800),(704,736),(640,800)
(640,800),(640,768),(640,800)
(672,768),(640,768),(672,768)
(704,736),(672,736),(672,768),(704,736)
(480,640),(480,800),(512,800),(512,768),(512,640),(480,640)
(512,800),(608,800),(608,768),(512,768),(512,800)
(512,672),(608,672),(608,640),(512,640),(512,672)
(640,672),(640,640),(640,672)
(640,672),(672,672),(640,672)
(672,704),(672,672),(672,704)
(704,704),(672,704),(704,704)
(1088,736),(1120,736),(1120,704),(1088,704),(1088,736)
(1120,832),(928,832),(928,800),(960,800),(1120,800),(1120,832)
(928,800),(960,800),(960,768),(928,768),(928,800)
(928,672),(960,672),(960,736),(928,736),(928,672)
(960,704),(1024,704),(1024,672),(960,672),(960,704)
(992,736),(1056,704),(1056,736),(992,704),(992,736)
(800,1024),(768,1024),(800,1024)
(768,1024),(768,1216),(800,1216),(800,1024),(768,1024)
(768,1056),(736,1056),(768,1056)
(736,992),(736,1056),(736,992)
(768,960),(736,960),(608,960),(608,992),(736,992),(768,960)
(608,1184),(640,1184),(640,1024),(608,1024),(608,1184)
(736,1184),(736,1216),(608,1216),(608,1184),(736,1184)
(64,1120),(64,1248),(64,1120)
(32,1216),(32,1120),(32,1088),(96,1088),(96,1120),(64,1120),(32,1216)
(32,1216),(0,1216),(32,1216)
(32,992),(32,1056),(96,1056),(32,992)
(96,1024),(64,1024),(64,960),(0,960),(96,1024)
(32,992),(0,992),(32,992)
(992,992),(1120,992),(1120,960),(992,960),(992,992)
(992,1216),(1024,1216),(1024,992),(992,992),(992,1216)
(1088,1152),(1056,1152),(1056,1216),(1088,1216),(1088,1152)
(1088,1152),(1120,1152),(1088,1152)
(160,224),(160,256),(128,224),(64,224),(64,32),(32,32),(32,256),(160,224)
(160,224),(160,96),(128,96),(128,224),(160,224)
(64,64),(160,64),(160,32),(64,32),(64,64)
(544,160),(544,64),(544,160)
(544,160),(672,160),(544,160)
(672,160),(672,128),(672,160)
(768,64),(544,64),(768,64)
(736,128),(672,128),(736,128)
(800,160),(800,32),(800,160)
(800,160),(768,160),(768,64),(800,160)
(704,160),(736,160),(736,128),(704,160)
(512,160),(512,192),(704,192),(704,160),(512,160)
(512,32),(512,160),(512,32)
(1120,64),(1056,64),(1120,64)
(1024,64),(1024,32),(1120,32),(1120,64),(1024,64)
(1024,64),(1024,256),(1056,256),(1056,64),(1024,64)
(1088,256),(1120,256),(1120,224),(1088,224),(1088,256)
}

spawns {
(0,896,1216);(0,832,1216);(0,256,544);(0,928,1216);(1,512,416);(1,192,64);(1,192,32);(1,256,64);(1,320,96);(1,320,160);(1,352,160);(1,384,96);(1,352,64);(1,320,64);(1,256,96);(1,256,160);(1,320,256);(1,352,256);(1,384,224);(1,320,192);(1,320,160);(1,352,128);(1,352,96);(1,320,128);(1,384,160);(1,384,224);(1,320,192);(1,288,160);(1,288,128);(1,288,64);(1,320,32);(1,352,32);(1,384,64);(1,416,128);(1,416,160);(1,416,224);(1,416,256);(1,416,288);(1,320,320);(1,288,320);(1,256,288);(1,256,224);(1,256,192);(1,288,192);(1,320,192);(1,352,224);(1,384,192);(1,416,192);(1,448,224);(1,448,256);(1,448,320);(1,448,352);(1,384,352);(1,352,320);(1,384,288);(1,384,288);(1,320,288);(1,320,288);(1,608,320);(1,736,320);(1,832,352);(1,896,384);(1,800,384);(1,672,384);(1,544,384);(1,640,416);(1,736,416);(1,800,416);(1,864,416);(1,960,416);(1,1056,416);(1,1056,448);(1,960,448);(1,576,448);(1,608,448);(1,736,448);(1,768,448);(1,704,416);(1,608,416);(1,512,416);(1,352,416);(1,416,416);(1,448,416);(0,896,1216);(0,864,1216);(0,840,1192);(0,928,1184);(0,880,1168);(0,928,1152);(0,832,1152);(0,848,1136);(0,896,1136);(0,944,1136);(0,960,1152);(0,896,1088);(0,944,1104);(0,848,1088);(0,928,1072);(0,880,1104);(0,864,1056);(0,912,1024);(1,288,480);(1,320,528);(1,400,608);(1,432,544);(1,272,464);(1,208,448);(1,160,496);(1,112,432);(1,160,416);(1,240,432);(1,304,448);(1,352,480);(1,416,512);(1,528,528);(1,720,496);(1,752,496);(1,432,448);(1,320,432);(1,384,432);(1,384,432);(1,352,528);(1,368,608);(1,320,576);(1,864,528);(1,800,560);(1,720,528);(1,848,528);(1,224,624);(1,256,544)
}

waypoints {
(736,800);(736,768);(864,832);(896,800);(864,896);(864,992);(864,928);(768,1248);(864,1056);(800,1248);(832,1248);(864,1248);(1056,608);(992,608);(960,608);(1056,576);(1056,544);(1056,512);(1056,480);(1056,448);(960,448);(928,448);(768,480);(768,512);(832,608);(672,512);(576,448);(576,608);(544,544);(288,704);(288,768);(384,384);(384,576);(288,320);(160,320);(96,384);(576,480);(192,544);(160,672);(416,672);(352,672);(224,768);(224,384);(288,384);(448,384);(480,512);(416,448);(480,544);(352,448);(512,608);(416,32);(416,32);(352,128);(288,224);(224,192);(224,320);(480,256);(544,288);(544,256);(672,224);(320,128);(672,288);(672,256);(608,224);(544,224);(544,384);(704,384);(544,320);(416,320);(544,352);(352,384);(480,448);(576,384);(608,448);(640,384);(608,384);(672,384);(640,448);(672,448);(672,480);(672,544);(672,576);(480,608);(448,672);(448,768);(288,800);(288,736);(224,672);(224,672);(768,576);(704,608);(864,576);(768,544);(672,608);(608,608);(640,608);(736,608);(736,704);(768,672);(800,704);(864,768);(736,736);(800,608);(960,32);(864,960);(864,1024);(864,1152);(864,1056);(864,1216);(864,1088);(864,1120);(1024,608);(928,608);(896,608);(1056,640);(960,512);(1024,448);(992,448);(992,448);(1056,384);(960,384);(928,416);(928,416);(864,448);(832,448);(992,512);(864,480);(960,640);(864,544);(864,512);(992,576);(960,480);(736,416);(768,448);(832,416);(896,448);(800,448);(736,448);(704,448);(736,384);(768,384);(800,384);(800,352);(832,384);(736,288);(736,256);(736,320);(736,352);(736,224);(896,384);(672,352);(672,320);(608,256);(608,288);(608,352);(608,320);(480,128);(416,224);(288,32);(480,32);(768,224);(768,320);(800,320);(864,32);(576,224);(800,224);(800,192);(864,64);(928,160);(928,96);(1088,864);(992,320);(992,128);(896,960);(992,384);(928,352);(864,352);(864,384);(928,384);(1024,384);(1024,416);(1056,320);(960,224);(992,256);(992,224);(992,352);(928,192);(992,192);(992,32);(1056,288);(928,32);(928,64);(992,160);(928,128);(640,224);(704,224);(832,224);(864,96);(864,128);(928,224);(896,224);(864,256);(864,288);(512,224);(864,320);(992,288);(928,960);(960,960);(992,96);(1056,352);(352,960);(992,864);(992,64);(1056,416);(32,288);(96,288);(32,384);(96,448);(32,448);(32,448);(32,544);(96,544);(160,480);(256,448);(288,576);(288,480);(384,768);(352,320);(352,256);(224,32);(544,576);(832,960);(800,960);(896,1056);(928,1056);(960,1056);(896,1120);(928,1120);(960,1120);(896,1184);(928,1184);(960,1184);(896,1248);(928,1248);(992,1248);(1024,1248);(1056,1248);(736,1248);(704,1248);(672,1248);(640,1248);(608,1248);(576,1248);(512,1248);(544,1248);(480,1248);(576,1216);(576,1184);(576,1152);(576,1120);(576,1088);(576,1056);(576,992);(576,1024);(576,960);(576,928);(576,896);(832,896);(800,896);(768,896);(736,896);(672,896);(704,896);(640,896);(608,896);(544,896);(480,896);(512,896);(448,896);(416,896);(384,896);(384,864);(384,832);(288,832);(288,864);(288,896);(320,896);(352,896);(256,896);(192,896);(224,896);(160,896);(160,864);(160,832);(128,896);(96,896);(64,896);(32,896);(96,928);(96,960);(96,992);(128,992);(128,1024);(128,1056);(128,1088);(128,1120);(128,1152);(96,1152);(96,1184);(96,1216);(96,1248);(128,1248);(192,1248);(160,1248);(224,1248);(256,1248);(288,1248);(320,1248);(352,1248);(384,1248);(416,1248);(448,1248);(160,992);(192,992);(224,992);(256,992);(288,992);(320,992);(352,992);(384,992);(416,992);(448,992);(480,992);(512,992);(544,992);(544,1088);(512,1088);(480,1088);(416,1088);(448,1088);(384,1088);(352,1088);(320,1088);(288,1088);(256,1088);(224,1088);(192,1088);(160,1088);(256,1120);(256,1152);(256,1184);(256,1216);(352,1216);(352,1184);(352,1152);(352,1120);(480,1120);(480,1152);(480,1184);(480,1216);(416,1056);(416,1024);(288,1056);(288,1024);(352,960);(352,928);(192,960);(192,928);(160,384);(160,768);(224,128);(288,32);(192,416);(480,192);(1056,672);(864,704)
}

guns {
(17,160,1056);(17,544,608);(17,416,704);(17,832,704);(17,384,160);(17,1056,672);(17,160,544);(17,224,640);(17,544,1216);(17,1024,928);(17,544,1056);(7,960,1200);(7,864,1056);(7,848,1088);(7,848,1136);(7,832,1152);(7,896,1136);(7,928,1152);(7,944,1136);(7,960,1152);(7,944,1104);(7,928,1072);(7,880,1168);(7,928,1184);(7,960,1200);(7,928,1216);(7,896,1216);(7,864,1216);(7,848,1216);(7,848,1184);(7,832,1200)
}
