tiles {
2,2,2,2,2,2,2,2,2,2,2,2,2,2,2,2,2,2,2,2,2,2,2,2,2,2,2,2,2,2,2,2,2,2,2,2,2,2,2,2,2,2,2,2,2,2,2,2,2,2,2,2,2,2,2,2,2,2,2,2,2,2,2,2,2,2,2,2,2,2,2,2,2,2,2,2
2,2,2,2,2,2,2,2,2,2,2,2,2,2,2,2,2,2,2,2,2,2,2,2,2,2,2,2,2,2,2,2,2,2,2,2,2,2,2,2,2,2,2,2,2,2,2,2,2,2,2,2,2,2,2,2,2,2,2,2,2,2,2,2,2,2,2,2,2,2,2,2,2,2,2,2
2,2,2,2,2,2,2,2,2,2,2,2,2,2,2,2,2,2,2,2,2,2,2,2,2,2,2,2,2,2,2,2,2,2,2,2,2,2,2,2,2,2,2,2,2,2,2,2,2,2,2,2,2,2,2,2,2,2,2,2,2,2,2,2,2,2,2,2,2,2,2,2,2,2,2,2
2,2,2,2,2,2,2,2,2,2,2,2,2,2,2,2,2,2,2,2,2,2,2,2,2,2,2,2,2,2,2,2,2,2,2,2,2,2,2,2,2,2,2,2,2,2,2,2,2,2,2,2,2,2,2,2,2,2,2,2,2,2,2,2,2,2,2,2,2,2,2,2,2,2,2,2
2,2,2,2,2,2,2,2,2,2,2,2,2,2,2,2,2,2,2,2,2,2,2,2,2,2,2,2,2,2,2,2,2,2,2,2,2,2,2,2,2,2,2,2,2,2,2,2,2,2,2,2,2,2,2,2,2,2,2,2,2,2,2,2,2,2,2,2,2,2,2,2,2,2,2,2
2,2,2,2,2,2,2,2,2,2,2,2,2,2,2,2,2,2,2,2,2,2,2,2,2,2,2,2,2,2,2,2,2,2,2,2,2,2,2,2,2,2,2,2,2,2,2,2,2,2,2,2,2,2,2,2,2,2,2,2,2,2,2,2,2,2,2,2,2,2,2,2,2,2,2,2
2,2,2,2,2,2,2,2,2,2,2,2,2,2,2,2,2,2,2,2,2,2,2,2,2,2,2,2,2,2,2,2,2,2,2,2,2,2,2,2,2,2,2,2,2,2,2,2,2,2,2,2,2,2,2,2,2,2,2,2,2,2,2,2,2,2,2,2,2,2,2,2,2,2,2,2
2,2,2,2,2,2,2,2,2,2,2,2,2,2,2,2,2,2,2,2,2,2,2,2,2,2,2,2,2,2,2,2,2,2,2,2,2,2,2,2,2,2,2,2,2,2,2,2,2,2,2,2,2,2,2,2,2,2,2,2,2,2,2,2,2,2,2,2,2,2,2,2,2,2,2,2
2,2,2,2,2,2,2,2,2,2,2,2,2,2,2,2,2,2,2,2,2,2,2,2,2,2,2,2,2,2,2,2,2,2,2,2,2,2,2,2,2,2,2,2,2,2,2,2,2,2,2,2,2,2,2,2,2,2,2,2,2,2,2,2,2,2,2,2,2,2,2,2,2,2,2,2
2,2,2,2,2,2,2,2,2,2,2,2,2,2,2,2,2,2,2,2,2,2,2,2,2,2,2,2,2,2,2,2,2,2,2,2,2,2,2,2,2,2,2,2,2,2,2,2,2,2,2,2,2,2,2,2,2,2,2,2,2,2,2,2,2,2,2,2,2,2,2,2,2,2,2,2
2,2,2,2,2,2,2,2,2,2,2,2,2,2,2,2,2,2,2,2,2,2,2,2,2,2,2,2,2,2,2,2,2,2,2,2,2,2,2,2,2,2,2,2,2,2,2,2,2,2,2,2,2,2,2,2,2,2,2,2,2,2,2,2,2,2,2,2,2,2,2,2,2,2,2,2
2,2,2,2,2,2,2,2,2,2,2,2,2,2,2,2,2,2,2,2,2,2,2,2,2,2,2,2,2,2,2,2,2,2,2,2,2,2,2,2,2,2,2,2,2,2,2,2,2,2,2,2,2,2,2,2,2,2,2,2,2,2,2,2,2,2,2,2,2,2,2,2,2,2,2,2
2,2,2,2,2,2,2,2,2,2,2,2,2,2,2,2,2,2,2,2,2,2,2,2,2,2,2,2,2,2,2,2,2,2,2,2,2,2,2,2,2,2,2,2,2,2,2,2,2,2,2,2,2,2,2,2,2,2,2,2,2,2,2,2,2,2,2,2,2,2,2,2,2,2,2,2
2,2,2,2,2,2,2,2,2,2,2,2,2,2,2,2,2,2,2,2,2,2,2,2,2,2,2,2,2,2,2,2,2,2,2,2,2,2,2,2,2,2,2,2,2,2,2,2,2,2,2,2,8,5,5,5,5,9,2,2,2,2,2,2,2,2,2,2,2,2,2,2,2,2,2,2
2,2,2,2,2,2,2,2,2,2,2,2,2,2,2,2,2,2,2,2,2,2,2,2,2,2,2,2,2,2,2,2,2,2,2,2,2,2,2,2,2,2,2,2,2,2,2,2,2,2,2,2,7,3,11,1,1,6,2,2,2,2,2,2,2,2,2,2,2,2,2,2,2,2,2,2
2,2,2,2,2,2,2,2,2,2,2,2,2,2,2,2,2,2,2,2,2,2,2,2,2,8,5,5,5,5,5,9,2,2,2,2,2,2,2,2,2,2,2,2,2,2,2,2,2,2,2,2,124,125,7,11,1,6,2,2,2,2,2,2,2,2,2,2,2,2,2,2,2,2,2,2
2,2,2,2,2,2,2,2,2,2,2,2,2,2,2,2,2,2,2,2,2,2,2,2,2,4,1,1,1,1,1,6,2,2,2,2,2,2,2,2,2,2,2,2,2,2,2,2,2,2,2,2,128,129,130,4,1,6,2,2,2,2,2,2,2,2,2,2,2,2,2,2,2,2,2,2
2,2,2,2,2,2,2,2,2,2,2,2,2,2,2,2,2,2,8,5,5,5,48,49,50,5,5,5,5,5,5,5,5,5,5,5,5,5,5,5,5,5,5,5,5,5,5,5,5,5,5,5,5,5,5,5,5,5,80,5,5,9,2,2,2,2,2,2,2,2,2,2,2,2,2,2
2,2,2,2,2,2,2,2,2,2,2,2,2,2,2,2,2,2,22,32,32,32,59,60,61,32,32,32,32,32,32,32,32,32,32,32,32,32,32,32,32,32,32,32,32,32,32,32,32,32,32,32,32,32,32,32,34,1,91,1,1,6,2,2,2,2,2,2,2,2,2,2,2,2,2,2
2,2,2,2,2,2,2,2,2,2,2,2,2,2,2,2,2,2,16,0,0,0,70,71,72,0,0,0,0,0,0,0,0,0,0,0,0,0,0,0,0,0,0,0,0,0,0,0,0,0,0,0,0,0,0,0,33,14,100,11,1,6,2,2,2,2,2,2,2,2,2,2,2,2,2,2
2,2,2,2,2,2,2,2,2,2,2,2,2,2,8,5,36,28,19,0,0,0,81,82,83,18,0,0,0,0,0,0,0,0,0,0,0,0,0,0,0,0,0,0,0,0,0,0,0,0,0,0,0,0,0,0,33,6,2,4,1,6,2,2,2,2,2,2,2,2,2,2,2,2,2,2
2,2,2,2,2,2,2,2,2,2,2,2,2,2,22,32,29,0,0,0,0,0,0,0,92,16,0,0,0,0,0,20,15,15,15,15,15,15,15,18,0,20,15,15,15,15,15,15,15,15,15,18,0,0,0,0,33,6,2,4,1,6,2,2,2,2,2,2,2,2,2,2,2,2,2,2
2,2,2,2,2,2,2,2,2,2,2,2,2,2,16,0,20,15,15,15,15,15,15,15,102,16,0,0,0,0,0,25,2,2,2,2,2,2,2,16,0,25,2,2,2,2,2,2,2,2,2,16,0,0,0,0,33,6,2,4,1,6,2,2,2,2,2,2,2,2,2,2,2,2,2,2
2,2,2,2,2,2,2,2,2,2,2,2,2,2,16,0,25,2,2,2,2,2,2,2,2,16,0,0,0,0,30,35,2,2,2,2,2,2,2,16,30,35,2,2,2,2,2,2,2,2,2,16,0,0,0,0,33,6,5,4,1,6,2,2,2,2,2,2,2,2,2,2,2,2,2,2
2,2,2,2,2,2,2,2,2,2,2,2,2,2,45,46,47,2,2,2,2,2,2,2,2,16,0,0,0,0,33,6,2,2,2,2,2,2,2,43,41,13,5,5,5,5,5,9,2,2,2,16,0,0,0,0,33,6,3,4,1,6,2,2,2,2,2,2,2,2,2,2,2,2,2,2
2,2,2,2,2,2,2,2,2,2,2,2,2,2,56,57,58,2,2,2,2,2,2,2,2,16,0,0,0,0,33,6,2,2,2,2,2,2,2,4,1,1,1,1,1,1,1,6,2,2,2,16,0,0,0,0,33,6,2,7,3,10,2,2,2,2,2,2,2,2,2,2,2,2,2,2
2,2,2,2,2,2,2,2,2,2,2,2,2,2,67,68,69,2,2,2,2,2,2,2,2,16,0,0,0,0,33,6,2,2,2,2,2,2,2,7,3,3,3,3,3,11,1,6,2,2,2,16,20,15,15,18,33,6,2,4,1,6,2,2,2,2,2,2,2,2,2,2,2,2,2,2
2,2,2,2,2,2,2,2,2,2,2,2,2,2,4,1,6,2,2,2,2,2,2,2,2,16,0,0,20,15,21,23,2,2,2,2,2,2,2,2,2,2,2,2,2,4,1,6,2,2,2,16,25,122,123,16,33,6,2,7,3,10,2,2,2,2,2,2,2,2,2,2,2,2,2,2
2,2,2,2,2,2,2,2,2,2,2,2,2,2,4,1,6,2,2,2,2,2,2,2,2,16,0,0,25,2,2,2,2,2,2,2,2,2,2,2,2,2,2,2,2,4,1,6,2,2,2,16,133,126,127,16,33,6,2,2,2,2,2,2,2,2,2,2,2,2,2,2,2,2,2,2
2,2,2,2,2,2,2,2,2,2,2,2,2,2,4,1,6,2,2,2,2,2,2,2,2,110,111,112,113,2,2,2,2,2,2,2,2,2,2,8,5,5,5,5,5,12,1,13,5,36,28,19,132,134,131,19,33,13,5,5,5,5,5,9,2,2,2,2,2,2,2,2,2,2,2,2
2,2,2,2,2,2,2,2,2,2,2,2,8,5,12,1,13,5,9,2,2,2,2,2,2,114,115,116,117,2,2,2,2,2,2,2,2,2,2,22,32,32,32,32,32,32,32,32,32,29,0,0,0,0,0,0,31,32,32,32,32,32,34,6,2,2,2,2,2,2,2,2,2,2,2,2
2,2,2,2,2,2,2,2,2,2,2,2,22,32,32,32,32,34,6,2,2,2,2,2,2,118,119,120,121,2,2,2,2,2,2,2,2,2,2,16,0,0,0,0,0,0,0,0,0,0,0,0,0,0,0,0,0,0,0,0,0,0,33,6,2,2,2,2,2,2,2,2,2,2,2,2
2,2,2,2,2,2,2,2,2,2,2,2,16,0,0,0,0,33,6,2,2,2,2,44,28,19,0,33,13,5,5,5,5,5,5,5,5,36,28,19,0,0,0,20,15,15,15,15,18,0,0,20,15,15,15,15,18,0,0,0,0,0,33,6,2,2,2,2,2,2,2,2,2,2,2,2
2,2,2,2,2,2,2,2,2,2,2,2,16,0,0,0,0,33,6,2,2,2,2,27,0,0,0,31,32,32,32,32,32,32,32,32,32,29,0,0,0,0,0,25,2,2,2,2,16,0,0,25,2,2,2,2,16,0,0,0,0,0,33,6,2,2,2,2,2,2,2,2,2,2,2,2
2,2,2,2,2,2,2,2,2,2,2,2,16,0,0,0,0,33,6,2,2,2,2,16,0,0,0,0,0,20,15,15,18,0,0,0,20,15,15,18,0,0,30,35,2,2,2,2,17,15,24,37,2,2,2,2,16,0,0,0,0,0,33,6,2,2,2,2,2,2,2,2,2,2,2,2
2,2,2,2,2,2,2,2,2,2,2,2,16,0,0,0,0,33,6,2,2,2,2,16,0,0,0,0,0,25,2,2,17,15,15,15,26,2,2,38,39,39,41,6,2,2,2,2,2,2,2,2,2,2,2,2,16,0,0,0,0,0,33,6,2,2,2,2,2,2,2,2,2,2,2,2
2,2,2,2,2,2,2,2,2,2,2,2,16,0,0,0,0,33,13,5,5,36,28,19,0,0,0,0,30,35,2,2,2,2,2,2,2,2,2,4,1,1,1,6,2,2,2,2,2,2,2,2,2,2,2,2,17,18,0,0,20,15,21,10,2,2,2,2,2,2,2,2,2,2,2,2
2,2,2,2,2,2,2,2,2,2,2,2,16,0,0,0,0,31,32,32,32,29,0,0,0,0,0,20,21,10,2,2,2,2,2,2,2,2,2,7,3,11,1,6,2,2,2,2,2,2,2,2,2,2,2,2,2,16,0,0,25,2,2,2,2,2,2,2,2,2,2,2,2,2,2,2
2,2,2,2,2,2,2,2,2,2,2,2,17,15,15,15,15,15,15,15,15,15,15,18,0,0,0,25,122,125,2,2,2,2,2,2,2,2,2,84,85,86,87,88,2,2,2,2,2,8,5,5,5,9,2,2,2,16,0,30,35,2,2,2,2,2,2,2,2,2,2,2,2,2,2,2
2,2,2,2,2,2,2,2,2,2,2,2,2,2,2,2,2,2,2,2,2,2,2,16,0,0,0,133,126,129,2,2,2,2,2,2,2,2,2,4,94,95,96,97,2,2,2,2,2,22,32,32,34,6,2,2,2,16,0,33,6,2,136,137,138,139,140,141,2,2,2,2,2,2,2,2
2,2,2,2,2,2,2,2,2,2,2,2,2,2,136,137,138,139,140,141,2,2,2,16,0,0,0,132,135,9,2,2,2,2,2,2,2,2,2,4,104,105,106,107,2,2,2,2,2,16,0,0,33,13,78,79,28,19,0,33,6,2,142,143,144,145,146,147,2,2,2,2,2,2,2,2
2,2,2,2,2,2,2,2,2,2,2,2,2,2,142,143,144,145,146,147,2,2,2,16,0,0,0,20,21,10,2,2,2,2,2,2,2,2,2,4,1,1,1,6,2,2,2,2,2,16,0,0,31,32,89,90,0,0,0,33,6,2,2,2,2,2,2,2,2,2,2,2,2,2,2,2
2,2,2,2,2,2,2,2,2,2,2,2,2,2,2,2,2,2,2,2,2,2,2,51,52,53,54,55,2,2,2,2,2,2,2,2,2,2,2,4,1,1,1,13,5,5,5,36,28,19,0,0,0,0,98,99,0,0,0,33,6,2,2,2,2,2,2,2,2,2,2,2,2,2,2,2
2,2,2,2,2,2,2,2,2,2,2,2,2,2,2,2,2,2,2,2,2,2,2,62,63,64,65,66,2,2,2,2,2,2,2,2,2,2,2,4,1,1,1,1,1,1,42,29,0,0,0,0,0,20,108,109,15,15,15,21,10,2,2,2,2,2,2,2,2,2,2,2,2,2,2,2
2,2,2,2,2,2,2,2,2,2,2,2,2,2,2,2,2,2,2,2,2,2,2,73,74,75,76,77,2,2,2,2,2,2,2,2,2,2,2,4,1,1,1,14,3,3,40,15,15,18,0,0,0,25,2,2,2,2,2,2,2,2,2,2,2,2,2,2,2,2,2,2,2,2,2,2
2,2,2,2,2,2,2,2,2,2,2,2,2,2,2,2,2,8,5,5,5,36,28,19,0,0,33,13,5,5,5,5,5,9,2,2,2,2,2,4,1,1,1,6,2,2,2,2,2,16,0,0,30,35,2,2,2,2,2,2,2,2,2,2,2,2,2,2,2,2,2,2,2,2,2,2
2,2,2,2,2,2,2,2,2,2,2,2,2,2,2,2,2,22,32,32,32,29,0,0,0,0,31,32,32,32,32,32,34,13,5,5,5,5,5,12,1,1,1,6,2,2,2,2,2,17,15,15,21,10,2,2,2,2,2,2,2,2,2,2,2,2,2,2,2,2,2,2,2,2,2,2
2,2,2,2,2,2,2,2,2,2,2,2,2,2,2,2,2,16,0,0,0,20,15,15,18,0,0,0,0,0,0,0,33,1,1,1,1,1,1,1,1,1,1,6,2,2,2,2,2,2,2,2,2,2,2,2,2,2,2,2,2,2,2,2,2,2,2,2,2,2,2,2,2,2,2,2
2,2,2,2,2,2,2,2,2,2,2,2,2,2,2,2,2,16,0,0,0,25,122,123,16,0,0,0,0,0,0,0,33,14,3,3,3,3,3,3,3,3,3,23,2,2,2,2,2,2,2,2,2,2,2,2,2,2,2,2,2,2,2,2,2,2,2,2,2,2,2,2,2,2,2,2
2,2,2,2,2,2,2,2,2,2,2,2,2,2,2,2,2,17,15,15,24,10,126,127,17,15,15,15,15,18,0,0,33,6,2,2,2,2,2,2,2,2,2,2,2,2,2,2,2,2,2,2,2,2,2,2,2,2,2,2,2,2,2,2,2,2,2,2,2,2,2,2,2,2,2,2
2,2,2,2,2,2,2,2,2,2,2,2,2,2,2,2,2,2,2,2,2,2,2,2,2,2,2,2,2,17,15,15,21,10,2,2,2,2,2,2,2,2,2,2,2,2,2,2,2,2,2,2,2,2,2,2,2,2,2,2,2,2,2,2,2,2,2,2,2,2,2,2,2,2,2,2
2,2,2,2,2,2,2,2,2,2,2,2,2,2,2,2,2,2,2,2,2,2,2,2,2,2,2,2,2,2,2,2,2,2,2,2,2,2,2,2,2,2,2,2,2,2,2,2,2,2,2,2,2,2,2,2,2,2,2,2,2,2,2,2,2,2,2,2,2,2,2,2,2,2,2,2
2,2,2,2,2,2,2,2,2,2,2,2,2,2,2,2,2,2,2,2,2,2,2,2,2,2,2,2,2,2,2,2,2,2,2,2,2,2,2,2,2,2,2,2,2,2,2,2,2,2,2,2,2,2,2,2,2,2,2,2,2,2,2,2,2,2,2,2,2,2,2,2,2,2,2,2
2,2,2,2,2,2,2,2,2,2,2,2,2,2,2,2,2,2,2,2,2,2,2,2,2,2,2,2,2,2,2,2,2,2,2,2,2,2,2,2,2,2,2,2,2,2,2,2,2,2,2,2,2,2,2,2,2,2,2,2,2,2,2,2,2,2,2,2,2,2,2,2,2,2,2,2
2,2,2,2,2,2,2,2,2,2,2,2,2,2,2,2,2,2,2,2,2,2,2,2,2,2,2,2,2,2,2,2,2,2,2,2,2,2,2,2,2,2,2,2,2,2,2,2,2,2,2,2,2,2,2,2,2,2,2,2,2,2,2,2,2,2,2,2,2,2,2,2,2,2,2,2
2,2,2,2,2,2,2,2,2,2,2,2,2,2,2,2,2,2,2,2,2,2,2,2,2,2,2,2,2,2,2,2,2,2,2,2,2,2,2,2,2,2,2,2,2,2,2,2,2,2,2,2,2,2,2,2,2,2,2,2,2,2,2,2,2,2,2,2,2,2,2,2,2,2,2,2
2,2,2,2,2,2,2,2,2,2,2,2,2,2,2,2,2,2,2,2,2,2,2,2,2,2,2,2,2,2,2,2,2,2,2,2,2,2,2,2,2,2,2,2,2,2,2,2,2,2,2,2,2,2,2,2,2,2,2,2,2,2,2,2,2,2,2,2,2,2,2,2,2,2,2,2
2,2,2,2,2,2,2,2,2,2,2,2,2,2,2,2,2,2,2,2,2,2,2,2,2,2,2,2,2,2,2,2,2,2,2,2,2,2,2,2,2,2,2,2,2,2,2,2,2,2,2,2,2,2,2,2,2,2,2,2,2,2,2,2,2,2,2,2,2,2,2,2,2,2,2,2
2,2,2,2,2,2,2,2,2,2,2,2,2,2,2,2,2,2,2,2,2,2,2,2,2,2,2,2,2,2,2,2,2,2,2,2,2,2,2,2,2,2,2,2,2,2,2,2,2,2,2,2,2,2,2,2,2,2,2,2,2,2,2,2,2,2,2,2,2,2,2,2,2,2,2,2
2,2,2,2,2,2,2,2,2,2,2,2,2,2,2,2,2,2,2,2,2,2,2,2,2,2,2,2,2,2,2,2,2,2,2,2,2,2,2,2,2,2,2,2,2,2,2,2,2,2,2,2,2,2,2,2,2,2,2,2,2,2,2,2,2,2,2,2,2,2,2,2,2,2,2,2
2,2,2,2,2,2,2,2,2,2,2,2,2,2,2,2,2,2,2,2,2,2,2,2,2,2,2,2,2,2,2,2,2,2,2,2,2,2,2,2,2,2,2,2,2,2,2,2,2,2,2,2,2,2,2,2,2,2,2,2,2,2,2,2,2,2,2,2,2,2,2,2,2,2,2,2
2,2,2,2,2,2,2,2,2,2,2,2,2,2,2,2,2,2,2,2,2,2,2,2,2,2,2,2,2,2,2,2,2,2,2,2,2,2,2,2,2,2,2,2,2,2,2,2,2,2,2,2,2,2,2,2,2,2,2,2,2,2,2,2,2,2,2,2,2,2,2,2,2,2,2,2
2,2,2,2,2,2,2,2,2,2,2,2,2,2,2,2,2,2,2,2,2,2,2,2,2,2,2,2,2,2,2,2,2,2,2,2,2,2,2,2,2,2,2,2,2,2,2,2,2,2,2,2,2,2,2,2,2,2,2,2,2,2,2,2,2,2,2,2,2,2,2,2,2,2,2,2
2,2,2,2,2,2,2,2,2,2,2,2,2,2,2,2,2,2,2,2,2,2,2,2,2,2,2,2,2,2,2,2,2,2,2,2,2,2,2,2,2,2,2,2,2,2,2,2,2,2,2,2,2,2,2,2,2,2,2,2,2,2,2,2,2,2,2,2,2,2,2,2,2,2,2,2
}

collision {
(800,512),(768,512),(768,448),(1056,448),(1056,512),(1632,512),(1632,384),(1888,384),(1888,512),(2016,512),(2016,896),(2080,896),(2080,1216),(1984,1216),(1984,1440),(1760,1440),(1760,1536),(1536,1536),(1536,1472),(1440,1472),(1440,1600),(1120,1600),(1120,1664),(896,1664),(896,1632),(512,1632),(512,1408),(704,1408),(704,1280),(352,1280),(352,928),(416,928),(416,608),(544,608),(544,512),(800,512),(800,544),(576,544),(576,640),(448,640),(448,960),(384,960),(384,1248),(736,1248),(736,1440),(544,1440),(544,1600),(928,1600),(928,1632),(1088,1632),(1088,1568),(1408,1568),(1408,1440),(1568,1440),(1568,1504),(1728,1504),(1728,1408),(1952,1408),(1952,1184),(2048,1184),(2048,928),(1856,928),(1856,800),(1888,800),(1888,896),(1984,896),(1984,544),(1856,544),(1856,416),(1664,416),(1664,544),(1024,544),(1024,480),(800,480),(800,512)
(1024,896),(928,896),(928,1024),(1248,1024),(1248,928),(1440,928),(1440,864),(1248,864),(1248,704),(1024,704),(1024,896)
(1632,704),(1632,928),(1536,928),(1536,768),(1344,768),(1344,704),(1632,704)
(544,736),(544,960),(608,960),(608,1152),(736,1152),(736,1024),(800,1024),(800,736),(544,736)
(960,1344),(896,1344),(896,1440),(1088,1440),(1088,1472),(1248,1472),(1248,1120),(1184,1120),(1184,1152),(1024,1152),(1024,1120),(960,1120),(960,1344)
(1408,1344),(1568,1344),(1568,1216),(1728,1216),(1728,1280),(1824,1280),(1824,1184),(1792,1184),(1792,1056),(1664,1056),(1664,1120),(1536,1120),(1536,1056),(1408,1056),(1408,1344)
(1856,640),(1856,736),(1888,736),(1888,640),(1856,640)
(1760,864),(1760,928),(1696,928),(1696,864),(1760,864)
(1664,544),(1760,544),(1760,512),(1728,512),(1728,480),(1664,480),(1664,544)
(960,1216),(960,1280),(896,1280),(896,1216),(960,1216)
(704,1536),(704,1600),(768,1600),(768,1536),(704,1536)
}

collisionPeople {
(1888,736),(1888,800),(1856,800),(1856,736),(1888,736)
(1312,1216),(1312,1312),(1312,1216),(1248,1216),(1312,1216)
(800,640),(800,736),(800,640),(704,640),(800,640)
}

spawns {
(1,1888,992);(1,1952,1056);(1,2016,992);(1,1888,1056);(1,1952,1120);(1,2016,1056);(1,1856,1280);(1,1696,1248);(1,2016,1120);(1,1920,1280);(1,1600,1248);(1,1920,1344);(1,1856,1344);(1,1952,992);(1,1888,1120);(0,432,1008);(0,480,1008);(0,528,1008);(0,528,1104);(0,432,1056);(0,480,1056);(0,528,1056);(0,432,1104);(0,480,1104);(0,432,1152);(0,480,1152);(0,528,1152);(0,432,1200);(0,480,1200);(0,528,1200)
}

waypoints {
(1888,1216);(1840,1088);(1792,960);(1760,832);(1728,704);(1664,608);(1536,608);(1376,608);(1312,704);(1312,800);(1440,832);(1504,928);(1600,992);(1696,992);(1600,1088);(1440,992);(1344,1056);(1376,1184);(1376,1312);(1408,1408);(1536,1408);(1664,1344);(1792,1376);(1152,1536);(1280,1536);(1056,1536);(864,1472);(832,1376);(800,1280);(1088,1088);(1216,1088);(864,1024);(864,864);(896,736);(1024,640);(1184,640);(832,608);(704,608);(608,640);(512,704);(480,832);(496,960);(560,1088);(624,1200);(736,1216);(864,1152);(992,1088);(960,1536);(1344,1472);(928,640)
}

guns {
}
