tiles {
10,10,10,10,10,10,10,10,10,10,10,15,15,15,10,14,14,14,14,14,14,14,14,14,14,14,14,14,14,14,14,14,14,14,14,14,14,14,10,41,41,41,41,41,41,41,41,41,41,41
10,120,120,120,120,120,120,120,120,120,120,15,15,15,10,120,120,120,120,120,120,120,120,120,120,120,120,120,120,120,120,120,120,120,120,120,120,120,10,15,10,10,10,10,10,10,10,10,41,41
10,120,123,123,123,123,123,123,123,120,120,15,15,15,10,120,120,120,120,120,120,120,120,120,120,120,120,120,120,120,120,120,120,120,120,120,120,120,10,15,10,52,52,52,52,52,52,10,41,41
10,120,124,124,124,123,123,123,123,120,10,15,15,15,10,120,120,120,120,120,120,120,120,120,120,120,120,120,120,120,120,120,120,120,120,120,120,120,10,15,10,52,29,14,29,14,29,10,41,41
10,120,123,123,123,123,123,123,123,120,10,15,15,15,10,120,120,120,120,120,120,120,120,120,120,120,120,120,120,120,120,120,120,120,120,120,120,120,10,15,10,52,14,14,14,14,14,10,41,41
10,120,123,123,123,123,123,123,123,120,10,15,15,15,10,14,14,14,14,14,14,14,14,14,13,120,120,120,14,14,14,14,14,14,14,14,14,14,10,15,10,52,52,52,52,52,52,10,41,41
10,120,123,123,123,123,123,123,123,120,10,15,15,15,10,10,10,10,10,10,10,10,10,10,10,120,120,120,10,10,10,10,10,10,10,32,33,34,35,15,10,52,52,52,52,52,52,10,41,41
10,120,123,123,123,123,123,123,123,120,10,15,15,15,15,15,15,15,15,15,15,15,15,15,15,15,15,15,15,15,15,15,15,15,15,15,15,15,15,15,10,52,52,52,52,52,52,10,41,41
10,120,123,123,123,123,123,123,123,120,10,15,15,15,15,15,15,15,15,15,15,15,15,15,15,15,15,15,15,15,15,15,15,15,15,15,15,15,15,15,10,52,52,52,52,52,52,10,41,41
10,120,124,124,124,123,123,123,123,120,10,15,15,15,15,15,15,15,15,15,15,15,15,15,15,15,75,15,15,15,15,128,129,130,131,132,15,15,15,15,10,52,52,52,52,52,52,10,41,41
10,120,123,123,123,123,123,123,123,120,120,15,15,15,15,15,15,15,15,15,15,15,15,15,15,15,15,15,15,15,15,144,145,146,147,148,15,15,15,15,10,52,14,14,14,14,14,10,41,41
10,120,120,120,120,120,120,120,120,120,120,15,15,15,15,15,15,15,15,15,15,15,15,15,15,15,15,15,15,15,15,160,161,162,163,164,15,15,15,15,10,52,30,52,30,52,30,10,41,41
10,10,10,10,10,10,10,10,10,10,10,15,15,15,15,15,15,15,15,15,15,15,15,15,15,15,15,15,15,15,15,15,15,15,15,15,15,15,15,15,10,52,52,52,52,52,52,10,41,41
15,15,15,15,15,15,15,15,15,15,15,15,15,15,15,15,15,15,15,15,15,15,15,15,15,15,75,15,15,15,15,15,15,15,15,15,15,15,15,15,15,15,15,15,15,15,15,15,41,41
15,15,15,15,15,15,15,15,15,15,15,15,15,15,15,15,15,15,15,15,15,15,15,15,15,15,15,15,15,15,15,15,15,15,15,15,15,15,15,15,15,15,15,15,15,15,15,15,41,41
10,10,10,10,10,10,10,10,10,10,10,15,15,15,15,15,15,15,15,15,15,15,15,15,15,15,15,15,15,15,15,15,15,15,15,15,15,15,15,15,15,15,15,15,15,15,15,15,41,41
10,14,54,52,14,54,52,14,54,52,52,15,15,15,15,15,15,15,15,10,10,10,10,10,10,15,15,15,10,10,10,10,10,10,15,15,15,15,15,15,10,10,15,15,15,15,10,10,41,41
10,14,54,52,14,54,52,14,54,52,52,15,15,15,15,15,15,15,15,10,52,52,52,52,52,52,52,52,52,52,52,52,52,10,15,15,15,15,15,15,10,15,75,15,15,15,15,10,41,41
10,52,52,52,52,52,52,52,52,52,52,15,15,15,15,15,15,15,15,10,115,112,112,114,52,52,52,52,52,115,113,113,114,10,15,15,15,15,15,15,10,15,77,77,77,77,15,10,41,41
10,14,54,52,14,54,52,14,54,52,52,15,15,15,15,15,15,15,15,10,115,112,112,114,52,52,52,52,52,115,113,113,114,10,15,15,15,15,15,15,10,15,74,15,15,75,15,10,41,41
10,14,54,52,14,54,52,14,54,52,52,15,15,15,15,15,15,15,15,10,115,112,112,114,52,52,52,52,52,115,113,113,114,10,15,15,15,15,15,15,10,15,74,15,15,75,15,10,41,41
10,52,52,52,52,52,52,52,52,52,52,15,15,15,15,15,15,15,15,10,115,112,112,114,52,52,52,52,52,115,113,113,114,10,15,15,15,15,15,15,10,15,74,15,15,75,15,10,41,41
10,14,54,52,14,54,52,14,54,52,52,15,15,15,15,15,15,15,15,10,115,112,112,114,52,52,52,52,52,115,113,113,114,10,15,15,15,15,15,15,10,15,74,76,77,75,15,10,41,41
10,14,54,52,14,54,52,14,54,52,52,15,15,15,15,15,15,15,15,10,115,112,112,114,52,52,52,52,52,115,113,113,114,10,15,15,15,15,15,15,10,15,74,15,15,75,15,10,41,41
10,52,52,52,52,52,52,52,52,52,52,15,15,15,15,15,15,15,15,10,115,112,112,114,52,52,52,52,52,115,113,113,114,10,15,15,15,15,15,15,10,15,74,15,15,75,15,10,41,41
10,14,54,52,14,54,52,14,54,52,52,15,15,15,15,15,15,15,15,10,115,112,112,114,52,52,52,52,52,115,113,113,114,10,15,15,15,15,15,15,10,15,76,76,76,76,15,10,41,41
10,14,54,52,14,54,52,14,54,52,52,15,15,15,15,15,15,15,15,10,52,52,52,52,52,52,52,52,52,52,52,52,52,10,15,15,15,15,15,15,10,10,15,15,15,74,10,10,41,41
10,10,10,10,10,10,10,10,10,10,10,15,15,15,15,15,15,15,15,10,10,10,10,10,10,15,15,15,10,10,10,10,10,10,15,15,15,15,15,15,15,15,15,15,15,15,15,15,41,41
15,15,15,15,15,15,15,15,15,15,15,15,15,15,15,15,15,15,15,15,15,15,15,15,15,15,15,15,15,15,15,15,15,15,15,15,15,15,15,15,15,15,15,15,15,15,15,15,41,41
15,15,15,15,15,15,15,15,15,15,15,15,15,15,15,15,15,15,15,15,15,15,15,15,15,15,15,74,15,15,15,15,15,15,15,15,15,15,15,15,15,15,15,15,15,15,15,15,41,41
10,10,10,10,10,10,10,10,10,10,10,15,15,15,15,15,15,15,15,15,15,15,15,15,15,15,15,15,15,15,15,15,15,15,15,15,15,15,15,15,15,15,15,15,15,15,15,15,41,41
10,170,170,170,156,157,158,170,170,170,10,15,15,15,15,15,15,15,15,15,15,15,15,15,15,15,15,15,15,15,15,15,15,15,15,15,15,15,15,15,15,15,15,15,15,15,15,15,41,41
10,170,170,170,170,170,170,170,170,170,170,15,15,15,15,15,15,15,15,15,15,15,15,15,15,15,15,15,15,15,15,15,15,15,15,15,15,15,15,15,15,15,15,15,15,13,15,15,41,41
10,170,170,170,170,170,170,170,170,170,170,15,15,15,15,15,15,15,15,15,15,15,15,15,15,15,15,74,15,15,15,15,15,15,15,15,15,15,15,15,15,15,15,15,15,13,15,15,41,41
10,170,170,170,170,170,170,170,170,170,10,15,15,15,15,15,15,15,15,15,15,15,15,15,15,15,15,15,15,133,134,135,136,137,15,15,15,15,15,15,15,15,15,15,15,13,15,15,41,41
10,170,170,170,170,170,170,170,170,170,10,15,15,15,15,15,15,15,15,15,15,15,15,15,15,15,15,15,15,149,150,151,152,153,15,15,15,15,15,15,15,15,15,15,15,13,15,15,41,41
10,170,170,170,170,170,170,170,170,170,10,15,15,15,15,15,15,15,15,15,15,15,15,15,15,15,15,15,15,165,166,167,168,169,15,15,15,15,15,15,15,15,15,15,15,15,15,15,41,41
10,170,170,170,170,170,170,170,170,170,10,15,15,15,15,15,15,15,15,15,15,15,15,15,15,15,15,15,15,15,15,15,15,15,15,15,15,15,15,15,15,15,15,15,15,13,15,15,41,41
10,170,170,170,156,157,158,170,170,170,10,15,15,15,15,15,15,15,15,15,15,15,15,15,15,15,15,74,15,15,15,15,15,15,15,15,15,15,15,15,15,15,15,15,15,15,15,15,41,41
10,172,172,172,173,154,155,172,172,172,10,15,15,15,15,15,15,15,15,15,15,15,15,15,15,15,15,15,15,15,15,15,15,15,15,15,15,15,15,15,15,15,15,15,15,13,15,15,41,41
10,170,170,170,159,175,143,170,170,170,10,15,15,15,15,15,15,119,15,119,15,119,15,119,15,15,15,15,15,15,119,15,119,15,119,15,119,15,15,15,15,15,15,15,15,15,15,15,41,41
10,170,170,170,170,170,170,170,170,170,10,15,15,15,10,10,10,10,10,10,10,10,10,10,10,15,15,15,15,10,10,10,10,10,10,10,10,10,10,41,41,41,41,41,41,41,41,41,41,41
10,170,170,170,170,170,170,170,170,170,10,15,15,15,10,12,12,12,12,12,12,12,12,12,12,12,12,12,12,12,12,12,12,12,12,12,12,12,47,41,41,41,41,41,41,41,41,41,41,41
10,170,170,170,170,170,170,170,170,170,10,15,15,15,10,12,12,12,12,12,12,12,12,12,12,12,12,12,12,12,12,12,12,12,12,12,12,12,10,41,41,41,41,41,41,41,41,41,41,41
10,170,170,170,170,170,170,170,170,170,10,15,15,15,10,10,52,10,10,10,10,10,10,10,52,10,10,10,52,10,10,10,10,10,10,10,52,10,10,41,41,41,41,41,41,41,41,41,41,41
10,170,170,170,170,170,170,170,170,170,10,15,15,15,10,52,52,52,52,118,10,52,52,52,52,118,10,52,52,52,52,118,10,52,52,52,52,118,10,41,41,41,41,32,33,34,35,41,41,41
10,170,170,170,170,170,170,170,170,170,170,15,15,15,10,54,52,52,52,52,10,54,52,52,52,52,10,54,52,52,52,52,10,54,52,52,52,52,10,41,41,41,41,41,41,41,41,41,41,41
10,170,170,170,170,170,170,170,170,170,170,15,15,15,10,52,52,52,52,52,10,52,52,52,52,52,10,52,52,52,52,52,10,52,52,52,52,52,10,41,41,41,41,41,41,41,41,41,41,41
10,170,170,170,159,175,143,170,170,170,10,15,15,15,10,54,52,52,52,52,10,54,52,52,52,52,10,54,52,52,52,52,10,54,52,52,52,52,10,41,41,41,41,41,41,41,41,41,41,41
10,10,10,10,10,10,10,10,10,10,10,15,15,15,10,52,52,52,52,52,10,52,52,52,52,52,10,52,52,52,52,52,10,52,52,52,52,52,10,41,41,41,41,41,41,41,41,41,41,41
}

collision {
(480,192),(480,0),(448,0),(448,224),(800,224),(800,192),(480,192)
(1248,192),(1248,224),(896,224),(896,192),(1248,192)
(1216,32),(1248,32),(1248,192),(1216,192),(1216,32)
(800,1408),(800,1440),(832,1440),(832,1600),(864,1600),(864,1440),(896,1440),(896,1408),(800,1408)
(544,1408),(544,1440),(640,1440),(640,1600),(672,1600),(672,1440),(768,1440),(768,1408),(544,1408)
(480,1408),(480,1344),(800,1344),(800,1312),(448,1312),(448,1600),(480,1600),(480,1440),(512,1440),(512,1408),(480,1408)
(1152,1408),(1152,1440),(1056,1440),(1056,1600),(1024,1600),(1024,1440),(928,1440),(928,1408),(1152,1408)
(1248,1312),(1248,1344),(928,1344),(928,1312),(1248,1312)
(1248,1376),(1248,1600),(1216,1600),(1216,1440),(1184,1440),(1184,1408),(1216,1408),(1216,1376),(1248,1376)
(0,1600),(0,0),(1600,0),(1600,1600),(0,1600)
(1536,1312),(1248,1312),(1536,1312)
(1536,32),(1536,1312),(1536,32)
(1280,32),(1248,32),(1280,32)
(1536,512),(1536,864),(1472,864),(1472,832),(1504,832),(1504,544),(1472,544),(1472,512),(1536,512)
(1280,512),(1280,864),(1344,864),(1344,832),(1312,832),(1312,544),(1344,544),(1344,512),(1280,512)
(320,1536),(320,1568),(32,1568),(32,992),(320,992),(320,1024),(352,1024),(352,960),(0,960),(0,1600),(352,1600),(352,1536),(320,1536)
(320,1088),(352,1088),(352,1472),(320,1472),(320,1088)
(608,512),(608,896),(800,896),(800,864),(640,864),(640,544),(800,544),(800,512),(608,512)
(1088,512),(1088,896),(896,896),(896,864),(1056,864),(1056,544),(896,544),(896,512),(1088,512)
(0,480),(0,896),(352,896),(352,864),(32,864),(32,512),(352,512),(352,480),(0,480)
(32,512),(32,576),(64,576),(64,512),(32,512)
(32,608),(32,672),(64,672),(64,608),(32,608)
(160,512),(160,576),(128,576),(128,512),(160,512)
(256,512),(256,576),(224,576),(224,512),(256,512)
(256,608),(256,672),(224,672),(224,608),(256,608)
(128,608),(160,608),(160,672),(128,672),(128,608),(128,608)
(64,704),(64,768),(32,768),(32,704),(64,704)
(160,704),(160,768),(128,768),(128,704),(160,704)
(256,704),(256,768),(224,768),(224,704),(256,704)
(256,800),(256,864),(224,864),(224,800),(256,800)
(160,800),(160,864),(128,864),(128,800),(160,800)
(32,800),(32,864),(64,864),(64,800),(32,800)
(320,96),(320,320),(352,320),(352,96),(320,96)
(352,0),(0,0),(0,416),(352,416),(352,384),(32,384),(32,32),(352,32),(352,0)
(1312,64),(1504,64),(1504,416),(1536,416),(1536,32),(1280,32),(1280,416),(1312,416),(1312,64)
(800,160),(800,192),(768,192),(768,160),(800,160)
}

collisionPeople {
(1088,1504),(1056,1504),(1088,1504)
(1056,1472),(1088,1472),(1056,1472)
(1088,1536),(1056,1536),(1088,1536)
(1056,1568),(1088,1568),(1056,1568)
(864,1472),(896,1472),(864,1472)
(864,1504),(896,1504),(864,1504)
(864,1536),(896,1536),(864,1536)
(864,1568),(896,1568),(864,1568)
(672,1472),(704,1472),(672,1472)
(672,1504),(704,1504),(672,1504)
(672,1536),(704,1536),(672,1536)
(672,1568),(704,1568),(672,1568)
(480,1472),(512,1472),(480,1472)
(480,1504),(512,1504),(480,1504)
(480,1536),(512,1536),(480,1536)
(480,1568),(512,1568),(480,1568)
(1536,1280),(1568,1280),(1536,1280)
(1600,1216),(1568,1216),(1600,1216)
(1568,1152),(1536,1152),(1568,1152)
(1600,1088),(1568,1088),(1600,1088)
(1568,1024),(1536,1024),(1568,1024)
(1600,960),(1568,960),(1600,960)
(1568,896),(1536,896),(1568,896)
(1600,832),(1568,832),(1600,832)
(1568,768),(1536,768),(1568,768)
(1600,704),(1568,704),(1600,704)
(1536,640),(1568,640),(1536,640)
(1568,544),(1536,576),(1568,544)
(1568,480),(1600,512),(1568,480)
(1568,416),(1536,448),(1568,416)
(1536,128),(1568,128),(1568,96),(1536,96),(1536,128)
(1600,224),(1568,224),(1600,224)
(144,1536),(152,1544),(160,1552),(168,1552),(176,1552),(184,1552),(192,1552),(200,1544),(208,1536),(216,1536),(208,1544),(200,1552),(184,1560),(176,1560),(160,1560),(152,1552),(144,1544),(136,1536),(144,1536)
(128,1024),(136,1016),(168,992),(184,992),(200,1000),(216,1016),(216,1024),(208,1024),(200,1016),(192,1008),(184,1000),(168,1000),(152,1008),(136,1024),(128,1024)
(96,544),(64,544),(96,544)
(96,576),(64,576),(96,576)
(96,640),(64,640),(96,640)
(96,608),(64,608),(96,608)
(96,672),(64,672),(96,672)
(96,704),(64,704),(96,704)
(96,736),(64,736),(96,736)
(96,768),(64,768),(96,768)
(96,832),(64,832),(96,832)
(96,800),(64,800),(96,800)
(192,800),(160,800),(192,800)
(192,832),(160,832),(192,832)
(288,800),(256,800),(288,800)
(288,832),(256,832),(288,832)
(288,736),(256,736),(288,736)
(288,640),(256,640),(288,640)
(288,544),(256,544),(288,544)
(288,576),(256,576),(288,576)
(192,544),(160,544),(192,544)
(192,576),(160,576),(192,576)
(192,608),(160,608),(192,608)
(192,640),(160,640),(192,640)
(192,672),(160,672),(192,672)
(160,704),(192,704),(160,704)
(192,736),(160,736),(192,736)
(192,768),(160,768),(192,768)
(288,768),(256,768),(288,768)
(288,704),(256,704),(288,704)
(160,96),(64,96),(160,96)
(160,96),(160,128),(160,96)
(160,128),(64,128),(160,128)
(160,288),(64,288),(160,288)
(160,288),(160,320),(160,288)
(160,320),(64,320),(160,320)
(1504,320),(1504,352),(1344,352),(1344,320),(1504,320)
(1440,128),(1408,128),(1408,96),(1376,96),(1376,128),(1344,128),(1344,160),(1504,160),(1504,128),(1472,128),(1472,96),(1440,96),(1440,128)
}

buyzones {
(0,480,32,1216,160)
}

spawns {
(0,704,96);(0,736,96);(0,768,96);(0,928,96);(0,960,96);(0,992,96);(1,1200,1456);(1,1072,1488);(1,1072,1552);(1,1008,1456);(1,880,1488);(1,880,1552);(1,688,1488);(1,688,1552);(1,816,1456);(1,624,1456);(1,496,1488);(1,496,1552)
}

waypoints {
(1152,1520);(960,1520);(784,1520);(576,1520);(736,144);(976,144)
}

guns {
(7,496,16);(8,528,16);(9,560,16);(10,592,16);(11,624,16);(12,656,16);(13,688,16);(14,720,16);(15,752,16);(16,784,16);(17,816,16);(18,848,16);(19,880,16);(20,912,16);(21,944,16);(22,976,16);(23,1008,16);(24,1040,16);(26,1072,16);(26,1080,16);(26,1088,16);(26,1096,16);(26,1104,16);(26,1112,16);(26,1120,16);(26,1128,16);(26,1136,16);(26,1144,16);(26,1152,16);(26,1160,16);(26,1168,16);(26,1176,16);(26,1184,16);(26,1192,16);(26,1200,16);(27,912,176);(27,928,176);(27,944,176);(27,960,176);(27,976,176);(27,992,176);(27,1008,176);(26,1024,176);(26,1040,176);(26,1056,176);(26,1072,176);(26,1088,176);(26,1104,176);(25,1120,176);(25,1136,176);(25,1152,176);(25,1168,176);(25,1184,176);(25,1200,176);(1,512,176);(2,560,176);(3,608,176);(4,656,176);(5,704,176);(6,752,176)
}
