tiles {
113,113,113,113,113,113,113,113,113,113,113,113,113,113,113,113,113,113,113,113,113,113,113,113,113
126,126,126,126,126,126,126,126,126,126,126,126,126,126,126,126,126,126,126,126,126,126,126,126,126
28,28,28,28,28,28,28,28,28,28,28,28,28,28,28,28,28,28,28,28,28,28,28,28,28
16,16,66,16,16,37,38,39,16,16,46,16,16,16,16,16,16,16,16,16,16,16,16,16,16
17,18,17,18,17,18,17,18,17,18,17,18,17,18,17,18,17,18,17,18,17,18,17,18,17
16,16,16,46,16,16,5,16,16,16,5,16,16,66,16,16,16,7,8,9,16,16,37,38,39
18,17,18,71,72,17,18,17,18,17,18,17,18,17,18,17,18,17,18,17,18,17,18,17,18
16,16,16,73,74,16,16,46,16,16,6,16,16,46,16,16,16,16,16,16,16,16,5,16,16
17,18,17,18,17,18,17,18,17,18,17,18,17,18,17,18,17,18,17,18,17,18,17,18,17
16,6,16,66,16,44,45,16,16,16,66,16,16,27,16,16,16,16,16,16,7,8,9,16,16
18,17,18,17,18,17,18,17,18,17,18,17,18,26,18,17,18,17,18,17,18,17,18,17,18
16,16,16,16,16,16,46,16,16,16,16,46,16,25,16,16,6,16,16,16,16,16,16,16,16
29,29,29,29,29,29,29,29,29,29,29,29,29,29,29,29,29,29,29,29,29,29,29,29,29
126,126,126,126,126,126,126,126,126,126,126,126,126,126,126,126,126,126,126,126,126,126,126,126,126
113,113,113,113,113,113,113,113,113,113,113,113,113,113,113,113,113,113,113,113,113,113,113,113,124
}

collision {
}

collisionPeople {
(640,288),(640,320),(640,288)
(736,288),(640,288),(736,288)
(736,320),(736,288),(736,320)
(736,320),(640,320),(736,320)
(448,288),(416,288),(448,288)
(448,384),(448,288),(448,384)
(416,384),(416,384),(416,384),(448,384),(416,384)
(416,288),(416,384),(416,288)
(544,160),(544,192),(544,160)
(640,160),(544,160),(640,160)
(640,192),(640,160),(640,192)
(640,192),(544,192),(640,192)
(704,192),(704,160),(704,192)
(800,192),(704,192),(800,192)
(800,160),(704,160),(800,160)
(256,128),(160,128),(256,128)
(256,96),(160,96),(256,96)
(256,128),(256,96),(256,128)
(160,96),(160,128),(160,96)
(0,480),(0,0),(0,480)
(800,480),(0,480),(800,480)
(800,0),(800,480),(800,0)
(0,0),(800,0),(0,0)
(800,64),(0,64),(800,64)
(0,416),(800,416),(0,416)
}

buyzones {
(0,544,160,672,256)
(0,640,224,768,352)
(1,96,192,160,256)
(1,160,288,224,320)
}

spawns {
(0,608,224);(0,576,224);(0,576,128);(0,608,128);(0,672,352);(0,704,352);(0,704,256);(0,672,256);(0,480,320);(0,480,352);(0,384,320);(0,384,352);(0,736,224);(0,768,224);(0,736,128);(0,768,128);(0,192,160);(0,224,160);(1,64,320);(1,32,320);(1,32,288);(1,64,288);(1,320,256);(1,352,256);(1,352,224);(1,320,224);(1,32,96);(1,32,128);(1,32,160);(1,32,192);(1,32,224);(1,32,256);(1,32,352);(1,32,384);(1,64,96);(1,64,128);(1,64,160);(1,64,192);(1,64,224);(1,64,256);(1,64,352);(1,64,384);(1,544,384);(1,512,384);(1,512,352);(1,544,352)
}

waypoints {
(672,256);(512,256);(672,128);(512,128);(384,192);(288,288);(128,224);(192,320);(224,224)
}

guns {
(24,192,160);(24,224,160);(26,672,192);(26,672,160);(27,608,288);(27,608,320);(25,416,256);(25,448,256);(12,384,320);(12,384,352);(12,480,320);(12,480,352)
}
