12,12
7,8,8,8,8,8,8,8,8,8,8,6
8,8,8,8,8,8,8,8,8,8,8,8
8,8,8,8,8,8,8,8,8,8,8,8
8,8,8,4,3,3,3,3,5,8,8,8
8,8,8,3,3,3,3,3,3,8,8,8
8,8,8,3,3,3,3,3,3,8,8,8
8,8,8,3,3,3,3,3,3,8,8,8
8,8,8,3,3,3,3,3,3,8,8,8
8,8,8,6,3,3,3,3,7,8,8,8
8,8,8,8,8,8,8,8,8,8,8,8
8,8,8,8,8,8,8,8,8,8,8,8
5,8,8,8,8,8,8,8,8,8,8,4
(352,0),(384,32),(384,352),(352,384),(32,384),(0,352),(0,32),(32,0),(352,0),(-1,-1),(96,128),(96,256),(128,288),(256,288),(288,256),(288,128),(256,96),(128,96),(96,128)
(320,352),(288,352),(352,320),(352,288)
(96,32),(32,96),(64,32),(32,64)
(64,64),(64,320),(320,320),(320,64)
4:(96,32),4:(32,64),4:(64,32),4:(320,352),4:(288,352),4:(352,320),4:(32,96),4:(352,288)
