tiles {
41,41,41,41,41,41,1,1,1,1,1,1,1,1,1,68,10,10,10,10,10,10,10,10,10,10,10,10,10,10,10,10,10,10,10,10,10,10,15,15,15,15,15,15,15,66,10,10,10,10,10,10,10,10,10,10,10,10,10,10
41,41,41,41,41,41,1,1,1,1,1,1,1,1,68,67,15,15,15,15,15,15,15,15,15,15,15,15,15,15,15,15,15,15,15,15,15,10,15,15,15,15,15,15,15,15,66,10,10,10,10,10,10,10,10,10,10,10,10,10
41,41,41,41,41,41,1,1,1,1,10,60,60,10,67,15,15,15,15,15,15,15,15,15,15,15,15,15,15,15,15,15,15,15,15,15,15,10,15,15,15,15,15,15,15,15,15,15,15,15,15,15,15,15,15,15,15,15,15,15
41,41,41,41,41,41,1,1,1,1,10,15,15,15,15,15,15,15,68,10,10,10,10,10,10,10,10,10,10,10,10,69,15,15,15,15,15,10,15,15,15,15,15,15,15,15,15,15,15,15,15,15,15,15,15,15,15,15,15,15
41,32,33,34,35,41,1,1,1,1,10,15,15,15,15,15,15,15,10,3,3,3,3,3,3,3,3,3,3,3,3,10,15,15,15,15,15,15,15,15,15,15,15,15,15,15,15,15,15,15,15,15,15,15,15,15,15,15,15,15
41,41,41,41,41,41,1,1,1,1,10,15,15,15,15,15,15,15,10,3,3,3,3,3,3,3,3,3,3,3,3,3,23,15,15,15,15,15,15,15,15,15,15,15,15,15,15,15,15,15,15,15,15,15,15,15,15,15,15,15
41,41,41,41,41,41,1,1,1,1,10,15,15,15,15,15,15,15,10,9,9,9,9,9,9,9,9,9,9,9,9,10,15,15,15,15,15,15,15,15,15,15,15,15,15,15,15,15,68,10,10,10,10,10,10,10,15,15,10,10
41,41,41,41,41,41,1,1,1,1,10,15,15,15,15,15,15,15,10,9,9,9,9,9,9,9,9,9,9,9,9,10,15,15,15,15,15,10,15,15,15,15,2,15,15,15,15,68,10,10,10,52,52,52,52,52,52,52,52,10
41,41,41,41,41,41,1,1,1,1,10,15,15,15,15,15,15,15,10,60,60,14,9,9,9,9,9,9,9,9,9,10,10,10,15,15,15,10,15,15,15,15,15,15,15,15,68,10,10,10,10,52,52,52,52,52,52,52,52,10
41,41,41,41,41,41,1,1,1,1,10,15,15,15,15,15,15,15,10,12,12,14,9,9,9,9,39,39,9,9,9,10,15,15,15,15,15,10,15,15,15,15,15,15,15,15,66,10,10,10,10,52,52,96,97,52,52,52,52,10
41,41,41,41,41,41,1,1,1,1,10,15,15,15,15,10,69,15,15,12,12,14,9,9,9,9,9,9,9,9,9,10,15,15,15,15,15,10,15,15,15,15,15,15,15,15,15,66,10,10,10,52,52,99,99,52,52,52,52,10
41,41,41,41,41,41,1,1,1,1,10,15,15,15,15,66,10,69,15,12,12,14,2,9,9,9,9,9,9,9,9,10,15,15,15,15,15,10,15,15,15,15,15,15,15,15,15,15,66,10,10,52,52,52,52,52,52,52,52,10
41,41,41,41,41,41,1,1,1,1,10,15,15,15,15,15,66,10,10,14,14,14,9,9,9,9,9,9,9,9,9,10,10,56,56,10,10,10,15,15,15,15,15,15,15,15,15,15,15,66,10,52,52,52,52,52,52,53,57,10
41,41,41,41,41,41,1,1,1,1,10,15,15,15,15,15,15,15,15,9,9,9,9,9,9,9,9,9,9,9,9,10,15,15,15,15,15,15,15,15,15,15,15,15,15,15,15,15,15,15,66,10,10,10,10,10,10,10,10,10
41,41,41,41,41,41,1,1,1,1,10,15,15,15,15,15,15,15,15,9,9,9,9,9,9,9,9,9,9,9,9,10,15,15,15,15,15,15,15,15,15,15,15,15,15,15,15,15,15,15,15,15,15,15,15,15,15,15,15,15
41,41,41,41,41,41,1,1,1,1,10,15,15,15,15,10,10,10,10,9,9,9,9,9,9,9,9,9,9,9,9,10,15,15,15,15,15,15,15,15,15,15,15,15,15,15,15,15,15,15,15,15,15,15,15,15,15,15,15,15
41,41,41,41,41,41,1,1,1,1,10,15,15,15,15,10,10,10,10,9,63,9,9,9,9,9,9,9,9,63,9,10,2,15,15,15,15,15,15,15,15,15,15,15,15,15,15,15,15,15,15,15,15,15,15,15,15,15,15,15
41,41,41,41,41,41,1,1,1,1,10,15,15,15,15,10,10,10,10,10,10,10,10,15,15,15,15,10,10,10,10,10,15,15,15,15,15,15,15,15,15,2,50,50,50,15,15,15,15,15,15,15,15,15,15,15,15,15,15,15
41,41,41,41,41,41,1,1,1,68,67,15,15,15,15,10,10,10,10,10,10,10,10,15,15,15,15,15,15,15,15,15,15,15,15,15,15,15,15,15,15,15,50,50,50,15,15,10,10,10,10,10,15,15,15,15,10,10,10,10
41,41,41,41,41,41,68,10,10,67,15,15,15,15,15,66,10,10,10,10,10,10,10,15,15,15,15,15,15,15,15,15,15,15,15,15,15,15,15,15,15,15,50,50,50,15,15,10,9,9,9,9,9,9,9,9,9,9,9,10
41,41,41,41,41,41,10,15,15,15,15,15,15,15,15,15,66,10,10,10,10,10,10,15,15,15,15,15,15,15,15,15,15,15,15,15,15,15,15,15,15,15,50,50,50,15,15,10,9,9,9,9,9,9,9,9,9,9,9,10
41,41,41,41,41,41,10,15,15,15,15,15,15,15,15,15,15,66,10,10,10,10,10,10,10,10,10,10,10,10,10,10,15,15,15,15,15,15,15,15,15,15,50,50,50,15,15,10,9,9,9,9,9,9,9,9,9,9,9,10
41,41,41,41,41,41,10,15,15,15,15,15,15,15,15,15,15,15,15,10,15,15,15,15,15,15,15,15,15,15,15,15,15,15,15,15,15,15,15,15,15,15,15,15,15,15,15,10,9,9,9,9,9,9,9,9,9,9,9,10
41,41,41,41,41,41,10,15,15,15,15,15,15,15,15,15,15,15,15,10,15,15,15,15,15,15,15,15,15,15,15,15,15,15,15,15,15,15,15,15,15,15,15,10,10,10,10,10,9,9,9,9,9,9,9,9,9,107,9,10
41,41,41,41,41,41,10,15,15,15,15,15,15,15,15,15,15,15,15,10,15,15,15,15,15,15,15,15,15,15,15,15,15,15,15,15,15,15,15,15,15,15,15,15,15,15,15,15,9,9,9,9,9,9,9,9,9,9,9,10
41,41,41,41,41,41,10,15,15,15,15,15,15,15,15,15,15,15,15,15,15,15,15,15,15,15,15,15,15,15,15,15,15,15,15,15,15,15,15,15,15,15,15,15,15,15,15,15,9,9,9,9,9,9,9,9,9,2,2,10
41,41,41,41,41,41,10,15,15,15,15,15,15,15,15,15,15,15,15,15,15,15,15,15,15,15,15,15,15,15,15,2,2,15,15,15,15,15,15,15,15,15,15,15,15,15,15,15,9,9,9,9,9,9,9,9,9,2,2,10
41,41,41,41,41,41,10,15,15,15,15,15,15,15,15,15,15,15,15,15,15,15,15,15,15,15,50,50,50,50,50,50,50,15,15,15,15,15,15,15,15,15,15,15,15,15,15,15,9,9,9,9,9,9,9,9,9,111,109,10
41,41,41,41,41,41,10,15,15,15,15,15,15,15,15,15,15,15,15,10,15,15,15,15,15,15,50,50,50,50,50,50,50,15,15,15,15,15,15,15,15,15,15,15,15,15,15,15,9,9,9,9,9,9,9,9,9,9,9,10
41,41,41,41,41,41,10,15,15,15,15,15,15,15,15,15,15,15,15,10,15,15,15,15,15,15,50,50,50,50,50,50,50,15,15,15,15,15,15,15,15,15,15,10,10,10,10,10,55,55,110,9,9,9,9,9,9,9,9,10
41,41,41,41,41,41,66,10,10,10,10,10,10,10,10,10,10,10,10,67,15,15,15,15,15,15,15,15,15,15,15,15,15,15,15,15,15,15,15,15,15,15,15,15,15,15,15,10,55,55,109,9,9,9,9,9,9,9,9,10
41,41,41,41,41,41,15,15,15,15,15,15,15,15,15,15,15,39,39,15,15,15,15,15,15,15,15,15,15,15,15,15,15,15,15,15,15,15,15,15,15,15,15,15,15,15,15,10,55,55,109,9,9,9,9,9,9,9,9,10
41,41,41,41,41,41,15,15,15,15,15,15,15,15,15,15,15,39,15,15,15,15,15,15,15,15,15,15,15,15,15,15,15,15,15,15,15,15,15,15,15,15,15,15,15,15,15,10,111,109,109,9,9,9,9,9,9,9,9,10
41,41,41,41,41,41,15,15,15,15,15,15,15,15,15,15,15,2,2,15,15,15,15,15,15,15,15,15,15,15,15,15,15,15,15,15,15,15,15,15,15,15,15,15,15,15,15,10,9,103,104,105,106,9,103,104,105,106,9,10
41,41,41,41,41,41,15,15,15,15,15,15,15,15,15,15,15,2,2,15,15,15,15,15,15,15,15,15,15,15,15,15,15,15,15,15,15,15,15,15,15,15,15,15,15,15,15,10,10,10,10,10,10,10,10,10,10,10,10,10
}

collision {
(1568,192),(1472,288),(1632,448),(1920,448),(1920,192),(1856,192),(1856,224),(1888,224),(1888,416),(1856,416),(1856,384),(1824,384),(1824,416),(1632,416),(1632,224),(1792,224),(1792,192),(1568,192)
(1920,1120),(192,1120),(192,0),(1920,0),(1920,1120)
(1920,0),(1440,0),(1504,64),(1920,64),(1920,0)
(1920,576),(1920,1120),(1504,1120),(1504,960),(1376,960),(1376,928),(1600,928),(1600,1024),(1536,1024),(1536,1088),(1624,1088),(1632,1080),(1640,1088),(1784,1088),(1792,1080),(1800,1088),(1888,1088),(1888,864),(1824,864),(1824,800),(1888,800),(1888,608),(1792,608),(1792,576),(1920,576)
(1536,608),(1664,608),(1664,576),(1504,576),(1504,736),(1376,736),(1376,768),(1536,768),(1536,608)
(1312,544),(1312,576),(1344,576),(1344,704),(1440,704),(1440,544),(1312,544)
(992,864),(992,832),(1056,832),(1056,960),(832,960),(832,864),(992,864)
(1376,224),(1376,256),(1344,256),(1344,224),(1376,224)
(1216,0),(512,0),(448,64),(416,64),(416,96),(448,96),(512,32),(1184,32),(1184,128),(1216,128),(1216,0)
(992,160),(992,128),(608,128),(608,320),(576,320),(576,128),(608,96),(992,96),(1024,128),(1024,160),(992,160)
(992,544),(992,192),(992,544)
(1024,192),(992,192),(1024,192)
(992,192),(992,544),(864,544),(864,576),(1024,576),(1024,544),(1056,544),(1056,512),(1024,512),(1024,416),(1056,416),(1056,384),(1024,384),(1024,288),(1088,288),(1088,256),(1024,256),(1024,192),(992,192)
(1184,384),(1184,224),(1216,224),(1216,416),(1120,416),(1120,384),(1184,384)
(896,288),(896,320),(832,320),(832,288),(896,288)
(736,352),(736,384),(704,384),(704,352),(736,352)
(704,416),(704,256),(704,416)
(704,416),(608,416),(704,416)
(672,384),(608,384),(672,384)
(672,256),(672,384),(672,256)
(704,256),(672,256),(704,256)
(608,416),(544,416),(480,352),(480,320),(512,320),(576,384),(608,384),(608,416)
(608,544),(608,480),(480,480),(480,608),(576,704),(608,704),(608,800),(640,800),(640,704),(1024,704),(1024,672),(736,672),(736,544),(608,544)
(608,896),(608,960),(224,960),(224,640),(288,640),(352,576),(352,64),(320,64),(320,576),(288,608),(224,608),(192,640),(192,960),(224,992),(544,992),(544,1120),(608,1120),(608,1056),(576,1056),(576,1024),(608,1024),(608,992),(640,960),(640,896),(608,896)
}

collisionPeople {
(1760,288),(1760,352),(1696,352),(1696,288),(1760,288)
(1056,160),(1024,160),(1056,160)
(1056,192),(1024,192),(1056,192)
(1120,384),(1056,384),(1120,384)
(1120,416),(1056,416),(1120,416)
(608,192),(992,192),(608,192)
(928,544),(928,512),(928,544)
(960,512),(960,544),(960,512)
(672,544),(672,512),(672,544)
(640,512),(640,544),(640,512)
}

buyzones {
(0,1568,64,1920,192)
(0,1632,224,1888,416)
(0,1792,192,1856,224)
(1,224,640,608,960)
}

spawns {
(1,352,736);(1,320,880);(1,352,880);(1,432,736);(1,464,736);(1,320,736);(1,320,784);(1,352,784);(1,320,832);(1,352,832);(1,432,784);(1,464,784);(1,432,832);(1,464,832);(1,432,880);(1,464,880);(0,1648,96);(0,1680,96);(0,1712,96);(0,1744,96);(0,1648,144);(0,1680,144);(0,1712,144);(0,1744,144);(0,1776,96);(0,1808,96);(0,1776,144);(0,1808,144);(0,1840,96);(0,1872,96);(0,1840,144);(0,1872,144);(0,1792,320);(0,1728,384);(0,1728,256);(0,1664,320)
}

waypoints {
(1792,128);(1536,128);(1312,64);(1216,176);(1088,176);(928,160);(688,160);(816,160);(992,176);(1072,96);(976,64);(832,64);(704,64);(560,80);(512,144);(528,256);(576,352);(640,336);(640,224);(752,240);(784,320);(864,240);(944,272);(944,384);(944,512);(816,448);(688,464);(512,448);(416,384);(416,240);(400,112);(368,32);(288,32);(240,80);(272,160);(240,240);(272,304);(240,368);(272,432);(224,496);(272,560);(656,512);(1136,256);(1088,352);(1280,288);(1376,384);(1504,464);(1632,512);(1744,576);(1888,512);(1792,496);(1776,672);(1824,720);(1776,784);(1792,896);(1856,960);(1856,1056);(1712,1056);(1584,1056);(1664,656);(1600,736);(1664,864);(1696,976);(1552,848);(1424,864);(1296,800);(1360,720);(1472,720);(1472,624);(1472,512);(1312,464);(1200,496);(1088,496);(1072,624);(960,624);(848,624);(800,544);(1248,592);(1200,672);(1152,752);(1072,784);(944,784);(800,784);(640,848);(1264,880);(1328,1040);(1456,1056);(1152,928);(1120,1040);(1216,1040);(944,1040);(768,1040);(608,1040);(688,992);(736,912);(704,784);(528,928);(400,928);(272,928);(256,832);(272,672);(384,656);(496,704);(544,768);(416,816);(368,768);(416,528);(1680,128);(1824,240);(1792,352);(1696,400);(1648,320);(1680,256);(1856,320);(432,32);(1376,160);(1408,288)
}

guns {
(1,1728,336);(23,976,144);(26,576,928);(26,528,1008);(26,528,1024);(26,528,1040);(26,528,1056);(26,528,1072);(26,528,1104);(26,528,1088);(26,496,1008);(26,496,1024);(26,496,1040);(26,496,1056);(26,496,1088);(26,496,1072);(26,496,1104);(26,464,1008);(26,464,1024);(26,464,1040);(26,464,1056);(26,464,1072);(26,464,1104);(26,464,1088)
}
