tiles {
29,29,29,29,29,29,29,29,29,29,29,29,29,29,29,29,29,29,29,29
134,134,134,134,134,134,27,134,134,134,134,7,8,9,134,134,134,134,134,134
133,133,46,133,133,133,26,133,133,133,133,133,133,133,133,133,7,8,9,133
134,134,134,134,134,134,25,134,134,134,134,134,134,134,134,134,134,134,134,134
28,28,28,28,28,28,28,28,28,28,28,28,28,28,22,22,22,28,28,46
130,130,40,40,130,130,130,130,130,130,149,149,149,149,21,21,21,149,149,149
14,46,15,15,15,129,129,139,140,130,59,59,59,59,59,59,59,59,59,59
14,46,15,15,15,129,129,140,139,130,130,130,130,59,59,59,59,130,130,130
14,46,15,15,15,129,129,129,129,129,13,13,13,13,13,13,13,13,13,56
15,15,15,15,130,132,66,129,129,129,13,13,13,13,13,13,13,13,13,56
15,15,15,15,130,130,130,129,129,130,13,13,13,13,13,13,13,13,13,56
100,100,130,130,130,119,115,53,53,130,100,100,130,130,130,50,50,130,130,130
100,100,98,97,130,53,115,53,53,130,100,99,100,100,126,101,101,7,8,9
98,100,100,100,53,53,53,53,53,130,97,100,100,99,126,101,101,101,101,101
99,46,100,100,53,53,53,54,54,130,97,98,99,100,130,102,46,7,8,9
}

collision {
(448,160),(0,160),(448,160)
(448,192),(0,192),(448,192)
(640,192),(544,192),(640,192)
(640,160),(544,160),(640,160)
(640,224),(544,224),(640,224)
(320,192),(320,224),(320,192)
(416,224),(320,224),(416,224)
(416,256),(416,224),(416,256)
(544,256),(544,224),(544,256)
(640,256),(544,256),(640,256)
(224,256),(416,256),(224,256)
(224,192),(224,256),(224,192)
(128,352),(64,352),(128,352)
(128,352),(128,288),(128,352)
(160,288),(128,288),(160,288)
(192,320),(160,288),(192,320)
(224,320),(192,320),(224,320)
(224,352),(224,320),(224,352)
(224,416),(224,352),(224,416)
(192,416),(224,416),(192,416)
(192,352),(192,416),(192,352)
(64,384),(64,352),(64,384)
(128,384),(64,384),(128,384)
(32,288),(0,288),(32,288)
(32,192),(32,288),(32,192)
(128,416),(128,384),(128,416)
(160,416),(128,416),(160,416)
(160,352),(160,416),(160,352)
(192,352),(160,352),(192,352)
(544,480),(544,448),(544,480)
(640,448),(544,448),(640,448)
(512,448),(480,448),(512,448)
(512,480),(512,448),(512,480)
(544,416),(544,384),(544,416)
(640,416),(544,416),(640,416)
(544,384),(544,352),(544,384)
(640,352),(544,352),(640,352)
(384,384),(384,352),(384,384)
(480,384),(384,384),(480,384)
(480,352),(480,384),(480,352)
(384,352),(480,352),(384,352)
(288,480),(288,320),(288,480)
(320,320),(288,320),(320,320)
(320,480),(320,320),(320,480)
(608,64),(512,64),(608,64)
(608,96),(608,64),(608,96)
(512,96),(608,96),(512,96)
(512,64),(512,96),(512,64)
(448,64),(352,64),(448,64)
(448,32),(448,64),(448,32)
(448,32),(352,32),(448,32)
(352,64),(352,32),(352,64)
(224,32),(192,32),(224,32)
(224,128),(224,32),(224,128)
(192,128),(224,128),(192,128)
(192,32),(192,128),(192,32)
(448,448),(480,448),(448,448)
(448,480),(448,448),(448,480)
(640,480),(640,0),(640,480)
(0,480),(640,480),(0,480)
(0,0),(0,0),(0,480),(0,0)
(0,0),(0,0)
(640,0),(0,0),(640,0)
}

buyzones {
(0,192,32,608,128)
(1,0,192,640,448)
}

spawns {
(0,352,96);(0,416,96);(0,544,128);(0,576,128);(0,512,416);(0,512,384);(1,96,256);(1,128,224);(1,128,256);(1,32,448);(1,64,448);(1,256,448);(1,224,448);(1,608,288);(1,608,320);(1,352,288);(1,352,320);(1,384,288);(1,384,320);(1,576,320);(1,96,448);(1,32,416);(1,576,288);(1,352,448);(1,384,448);(1,352,416);(1,384,416);(1,96,224);(0,320,128);(0,320,96);(0,480,96);(0,448,96)
}

waypoints {
(480,128);(480,128);(480,224);(480,288);(512,288);(256,288);(192,256);(64,288);(32,352);(64,448);(192,448);(256,448);(256,384);(448,416);(352,416);(352,320);(448,320);(352,448);(352,352)
}

guns {
(21,640,448);(21,608,448);(7,512,384);(13,576,128);(13,544,128);(26,608,352);(26,608,320);(26,608,288);(26,608,256);(4,608,320);(4,608,288);(6,640,224);(6,608,224);(1,608,192);(4,640,192);(10,448,96);(10,480,96);(13,512,416);(8,512,416);(8,320,96);(8,352,96);(8,416,96);(8,320,128)
}
