tiles {
15,51,51,51,51,51,51,15,15,15,51,51,51,51,51,51,15,15,15,15,15,15,15,15,10,10,32,33,34,35
15,51,51,51,51,51,51,15,19,15,51,51,51,51,51,51,15,19,15,15,15,15,15,15,10,52,52,52,52,10
15,51,51,51,51,51,51,15,18,15,51,51,51,51,51,51,15,18,15,15,15,15,15,15,10,52,96,97,52,10
15,51,51,51,51,51,51,15,15,15,51,51,51,51,51,51,15,15,15,15,15,15,15,15,52,52,98,99,52,10
15,51,51,51,51,51,51,15,15,15,51,51,51,51,51,51,15,15,15,15,15,15,15,15,10,52,52,52,52,10
15,51,51,51,51,51,51,15,19,15,51,51,51,51,51,51,15,19,15,15,15,15,15,45,10,10,63,10,10,10
15,15,15,15,15,15,20,15,18,15,15,15,15,15,15,20,15,18,15,15,15,15,15,15,15,15,63,15,15,15
15,15,15,15,15,17,16,15,15,15,15,17,16,15,15,15,15,17,16,15,15,15,15,17,16,15,63,15,15,15
15,15,15,15,15,15,15,15,15,15,15,15,15,15,15,15,15,15,15,15,15,15,15,15,15,15,63,15,15,15
15,10,10,10,10,10,10,15,19,15,10,10,10,48,47,10,15,19,15,10,10,10,10,10,10,15,63,15,15,15
15,10,52,39,52,52,52,15,18,15,10,13,12,12,12,10,15,18,15,10,15,15,15,15,10,15,63,15,15,15
15,10,52,52,52,52,52,15,15,15,15,12,12,12,12,10,15,15,15,10,15,70,71,76,63,63,63,15,15,15
15,10,52,52,39,39,52,15,45,15,15,12,12,12,12,10,15,15,15,10,15,72,73,15,10,15,15,15,15,15
15,10,52,52,39,39,52,15,19,15,10,12,12,12,12,10,15,19,15,10,15,15,15,15,10,15,15,15,15,15
15,10,10,10,10,10,10,15,18,15,10,10,10,10,10,10,15,18,15,10,10,10,10,10,10,15,15,15,15,15
15,15,15,15,15,15,15,15,15,15,15,15,15,15,15,15,15,15,15,15,15,15,15,15,15,15,15,15,15,15
15,15,15,15,15,17,16,15,15,15,15,17,16,15,15,15,6,7,8,15,15,15,15,17,16,15,15,15,15,15
15,15,15,15,15,15,15,15,19,15,15,15,15,15,15,15,15,19,15,15,15,15,15,15,15,15,15,15,15,15
15,10,10,46,46,10,10,15,18,15,10,10,48,47,10,10,15,15,15,58,58,60,60,58,58,15,15,15,15,15
15,10,3,3,3,3,10,15,15,15,10,54,52,52,118,10,15,15,15,58,58,58,58,58,58,15,15,15,15,15
15,10,3,3,3,3,10,15,15,15,52,52,52,52,52,10,15,15,15,58,58,58,58,58,58,15,15,15,15,15
15,10,3,3,3,3,15,15,19,15,52,52,52,52,52,10,15,19,15,58,58,58,58,58,58,15,15,15,15,15
15,10,3,3,3,3,10,15,18,15,10,52,52,52,53,10,15,18,15,58,58,58,58,58,58,15,15,15,15,15
15,10,10,10,10,10,10,65,15,15,10,10,10,10,56,10,15,15,15,58,58,58,58,58,58,15,15,15,15,15
15,15,15,15,15,15,15,15,15,15,15,15,15,15,15,15,15,15,15,15,15,15,15,15,15,15,15,15,15,15
}

collision {
(768,352),(768,320),(640,320),(640,448),(768,448),(768,384),(800,384),(800,480),(608,480),(608,288),(800,288),(800,352),(768,352)
(864,160),(928,160),(928,32),(800,32),(800,96),(768,96),(768,0),(960,0),(960,192),(864,192),(864,160)
(800,160),(800,128),(768,128),(768,192),(832,192),(832,160),(800,160)
(384,320),(480,320),(480,448),(352,448),(352,416),(320,416),(320,480),(512,480),(512,288),(320,288),(320,352),(384,352),(384,320)
(32,288),(32,480),(224,480),(224,448),(192,448),(192,384),(128,384),(128,448),(64,448),(64,320),(96,320),(96,352),(128,352),(128,320),(224,320),(224,288),(32,288)
(320,576),(320,640),(352,640),(352,608),(480,608),(480,768),(512,768),(512,576),(320,576)
(352,736),(352,704),(320,704),(320,768),(448,768),(448,736),(352,736)
(32,576),(32,768),(224,768),(224,704),(192,704),(192,736),(64,736),(64,608),(192,608),(192,672),(224,672),(224,576),(32,576)
(608,512),(608,544),(512,544),(512,512),(608,512)
(0,800),(960,800),(960,0),(0,0),(0,800)
}

collisionPeople {
(864,384),(864,192),(864,384)
(864,384),(800,384),(864,384)
(832,352),(800,352),(832,352)
(832,352),(832,192),(832,352)
(896,64),(896,128),(832,128),(832,64),(896,64)
(512,0),(512,224),(512,0)
(512,0),(320,0),(512,0)
(320,192),(320,0),(320,192)
(480,192),(320,192),(480,192)
(480,192),(480,224),(480,192)
(224,0),(224,224),(224,0)
(192,192),(192,224),(192,192)
(32,192),(192,192),(32,192)
(32,0),(32,160),(32,0)
(224,0),(32,0),(224,0)
(480,736),(480,768),(448,768),(448,736),(480,736)
(800,576),(736,576),(800,576)
(800,768),(800,576),(800,768)
(800,768),(608,768),(800,768)
(608,576),(608,768),(608,576)
(672,576),(608,576),(672,576)
(672,608),(672,576),(672,608)
(736,576),(736,608),(736,576)
}

buyzones {
(0,800,00,000,000)
}

spawns {
(1,896,688);(1,288,704);(1,256,752);(1,432,784);(1,48,560);(1,560,736);(1,912,736);(1,832,704);(1,848,752);(0,912,64);(0,912,96);(0,912,128);(0,816,64);(0,816,96);(0,816,128)
}

waypoints {
(752,112);(624,176);(560,320);(560,496);(704,528);(880,624);(560,592);(352,528);(256,576);(272,352);(272,240)
}

guns {
(11,912,64);(11,912,96);(11,912,128);(11,816,64);(11,816,96);(11,816,128);(4,912,64);(4,912,96);(4,912,128);(4,816,128);(4,816,64);(4,816,96);(26,880,112);(26,672,704);(26,704,704);(26,736,704);(26,672,688);(26,704,688);(26,736,688);(26,672,672);(26,704,672);(26,736,672);(26,672,720);(26,704,720);(26,736,720)
}
