tiles {
1,1,1,1,1,1,1,1,1,1,1,1,1,1,1,1,1,1,1,1,1,1,1,1,1,1,1,1,1,1,1,1,1,1,1,1,1,1,1,1
1,1,1,1,1,1,1,1,1,1,1,1,1,1,1,1,1,1,1,1,1,1,1,1,1,1,1,1,1,1,1,1,1,1,1,1,1,1,1,1
1,1,1,1,1,1,1,1,1,1,1,1,1,1,1,1,1,1,1,1,1,1,1,1,1,1,1,1,1,1,1,1,1,1,1,1,1,1,1,1
1,1,1,1,1,1,1,1,1,1,1,1,1,1,1,1,1,1,1,1,1,1,1,1,1,1,1,1,1,1,1,1,1,1,1,1,1,1,1,1
1,1,1,1,1,1,1,1,1,1,1,1,1,1,1,1,1,1,1,1,1,1,1,1,1,1,1,1,1,1,1,1,1,1,1,1,1,1,1,1
1,1,1,1,1,1,1,1,1,1,1,1,1,1,1,1,1,1,1,1,1,1,1,1,1,1,1,1,1,1,1,1,1,1,1,1,1,1,1,1
1,1,1,1,1,1,1,1,1,1,1,1,1,1,1,1,1,1,1,1,1,1,1,1,1,1,1,1,1,1,1,1,1,1,1,1,1,1,1,1
1,1,1,1,1,1,1,1,1,1,1,1,1,1,1,1,1,1,1,1,1,1,1,1,1,1,1,1,1,1,1,1,1,1,1,1,1,1,1,1
1,1,1,1,1,1,1,1,1,1,2,4,2,2,5,2,2,3,2,2,2,2,4,2,2,2,3,2,2,6,1,1,1,1,1,1,1,1,1,1
1,1,1,1,1,1,1,1,1,1,2,16,14,29,29,29,29,29,29,30,30,29,29,29,29,29,29,14,16,2,1,1,1,1,1,1,1,1,1,1
1,1,1,1,1,1,1,1,1,1,2,16,6,29,29,29,29,29,29,30,30,29,29,29,29,29,29,2,16,2,1,1,1,1,1,1,1,1,1,1
1,1,1,1,1,1,1,1,1,1,2,16,2,29,29,29,29,29,29,29,29,29,29,29,29,29,29,2,16,2,1,1,1,1,1,1,1,1,1,1
1,1,1,1,1,1,1,1,1,1,2,16,2,29,29,29,29,29,29,29,29,29,29,29,29,29,29,2,16,2,1,1,1,1,1,1,1,1,1,1
1,1,1,1,1,1,1,1,1,1,2,16,3,29,30,3,2,2,2,29,29,4,9,6,2,30,29,2,16,2,1,1,1,1,1,1,1,1,1,1
1,1,1,1,1,1,1,1,1,1,2,16,4,29,29,4,2,2,2,29,29,2,2,2,2,29,29,3,16,3,1,1,1,1,1,1,1,1,1,1
1,1,1,1,1,1,1,1,1,1,2,16,2,29,29,2,5,6,2,29,29,2,7,2,3,29,29,4,16,4,1,1,1,1,1,1,1,1,1,1
1,1,1,1,1,1,1,1,1,1,2,16,2,29,29,2,7,2,2,29,29,5,2,2,4,29,29,2,16,2,1,1,1,1,1,1,1,1,1,1
1,1,1,1,1,1,1,1,1,1,2,16,2,30,29,29,29,29,29,29,29,29,29,29,29,29,30,2,16,2,1,1,1,1,1,1,1,1,1,1
1,1,1,1,1,1,1,1,1,1,6,16,2,30,29,29,29,29,29,29,29,29,29,29,29,29,30,2,16,2,1,1,1,1,1,1,1,1,1,1
1,1,1,1,1,1,1,1,1,1,2,16,2,29,29,2,2,2,5,29,29,2,2,2,2,29,29,3,16,2,1,1,1,1,1,1,1,1,1,1
1,1,1,1,1,1,1,1,1,1,2,16,2,29,29,6,3,2,2,29,29,2,3,5,2,29,29,2,16,2,1,1,1,1,1,1,1,1,1,1
1,1,1,1,1,1,1,1,1,1,2,16,3,29,29,2,4,7,2,29,29,2,4,2,2,29,29,2,16,2,1,1,1,1,1,1,1,1,1,1
1,1,1,1,1,1,1,1,1,1,2,16,4,29,30,2,2,2,2,29,29,6,2,2,2,30,29,2,16,2,1,1,1,1,1,1,1,1,1,1
1,1,1,1,1,1,1,1,1,1,6,16,2,29,29,29,29,29,29,29,29,29,29,29,29,29,29,2,16,2,1,1,1,1,1,1,1,1,1,1
1,1,1,1,1,1,1,1,1,1,2,16,2,29,29,29,29,29,29,29,29,29,29,29,29,29,29,2,16,2,1,1,1,1,1,1,1,1,1,1
1,1,1,1,1,1,1,1,1,1,2,16,2,29,29,29,29,29,29,30,30,29,29,29,29,29,29,2,16,2,1,1,1,1,1,1,1,1,1,1
1,1,1,1,1,1,1,1,1,1,2,16,14,29,29,29,29,29,29,30,30,29,29,29,29,29,29,14,16,2,1,1,1,1,1,1,1,1,1,1
1,1,1,1,1,1,1,1,1,1,2,2,4,2,2,2,2,2,3,2,2,2,2,2,2,2,2,2,2,3,1,1,1,1,1,1,1,1,1,1
1,1,1,1,1,1,1,1,1,1,1,1,1,1,1,1,1,1,1,1,1,1,1,1,1,1,1,1,1,1,1,1,1,1,1,1,1,1,1,1
1,1,1,1,1,1,1,1,1,1,1,1,1,1,1,1,1,1,1,1,1,1,1,1,1,1,1,1,1,1,1,1,1,1,1,1,1,1,1,1
1,1,1,1,1,1,1,1,1,1,1,1,1,1,1,1,1,1,1,1,1,1,1,1,1,1,1,1,1,1,1,1,1,1,1,1,1,1,1,1
1,1,1,1,1,1,1,1,1,1,1,1,1,1,1,1,1,1,1,1,1,1,1,1,1,1,1,1,1,1,1,1,1,1,1,1,1,1,1,1
1,1,1,1,1,1,1,1,1,1,1,1,1,1,1,1,1,1,1,1,1,1,1,1,1,1,1,1,1,1,1,1,1,1,1,1,1,1,1,1
1,1,1,1,1,1,1,1,1,1,1,1,1,1,1,1,1,1,1,1,1,1,1,1,1,1,1,1,1,1,1,1,1,1,1,1,1,1,1,1
1,1,1,1,1,1,1,1,1,1,1,1,1,1,1,1,1,1,1,1,1,1,1,1,1,1,1,1,1,1,1,1,1,1,1,1,1,1,1,1
1,1,1,1,1,1,1,1,1,1,1,1,1,1,1,1,1,1,1,1,1,1,1,1,1,1,1,1,1,1,1,1,1,1,1,1,1,1,1,1
}

collision {
(672,288),(672,352),(608,352),(608,288),(672,288)
(800,416),(800,544),(672,544),(672,416),(800,416)
(832,416),(832,448),(800,448),(800,416),(832,416)
(896,320),(896,832),(864,832),(864,320),(896,320)
(864,544),(864,608),(832,608),(832,544),(864,544)
(800,608),(800,736),(672,736),(672,608),(800,608)
(800,736),(832,736),(832,704),(800,704),(800,736)
(672,800),(672,864),(608,864),(608,800),(672,800)
(416,320),(384,320),(384,832),(416,832),(416,320)
(480,416),(480,448),(448,448),(448,416),(480,416)
(608,416),(608,544),(480,544),(480,416),(608,416)
(416,608),(448,608),(448,544),(416,544),(416,608)
(608,608),(608,736),(480,736),(480,608),(608,608)
(480,704),(480,736),(448,736),(448,704),(480,704)
(928,288),(928,864),(352,864),(352,288),(928,288)
(960,256),(960,896),(320,896),(320,256),(960,256)
}

buyzones {
(0,480,320,608,416)
(0,672,320,800,416)
(1,480,736,608,832)
(1,672,736,800,832)
}

spawns {
(0,736,336);(0,544,336);(0,784,368);(0,592,368);(0,736,400);(0,544,400);(0,688,368);(0,496,368);(0,432,304);(0,848,304);(1,848,848);(1,432,848);(1,544,752);(1,496,784);(1,544,816);(1,592,784);(1,688,784);(1,736,752);(1,736,816);(1,784,784)
}

waypoints {
(640,768);(432,768);(432,672);(848,672);(480,576);(800,576);(640,576);(640,384);(432,384);(848,384);(432,480);(848,480);(848,768)
}

guns {
(25,768,304);(26,736,304);(26,544,304);(27,704,304);(27,576,304);(25,512,304);(25,368,544);(25,912,544);(26,912,576);(26,368,576);(27,912,608);(27,368,608);(27,704,848);(27,576,848);(26,544,848);(26,736,848);(25,768,848);(25,512,848);(23,640,576);(23,544,752);(23,736,400);(24,784,400);(24,496,752);(22,592,752);(22,688,400);(21,688,752);(21,592,400);(20,736,752);(20,544,400);(19,784,752);(19,496,400);(18,496,784);(18,784,368);(17,736,368);(17,544,784);(16,592,784);(16,688,368);(15,592,368);(15,688,784);(14,736,784);(14,544,368);(13,496,368);(13,784,784);(12,496,816);(12,784,336);(11,736,336);(11,544,816);(10,688,336);(10,592,816);(9,592,336);(9,688,816);(8,736,816);(8,544,336);(7,784,816);(7,496,336)
}
