tiles {
1,1,1,1,1,1,1,1,1,1,1,1,1,1,1,1,1,1,1,1,1,1,1,1,1,1,1,1,1,1,1,1,1,1,1,1,1,1,1,1,1,1,1,1,1,1,1,1,1,1
1,1,1,1,1,1,1,1,1,1,1,1,1,1,1,1,1,1,1,1,1,1,1,1,1,1,1,1,1,1,1,1,1,1,1,1,1,1,1,1,1,1,1,1,1,1,1,1,1,1
1,1,1,1,1,1,1,1,1,1,1,1,1,1,1,1,1,1,1,1,1,1,1,1,1,1,1,1,1,1,1,1,1,1,1,1,1,1,1,1,1,1,1,1,1,1,1,1,1,1
1,1,1,1,1,1,1,1,1,1,1,1,1,1,1,1,1,1,1,1,1,1,1,1,1,1,1,1,1,1,1,1,1,1,1,1,1,1,1,1,1,1,1,1,1,1,1,1,1,1
1,1,1,1,1,1,1,1,1,1,1,1,1,1,1,1,1,1,1,1,1,1,1,1,1,1,1,1,1,1,1,1,1,1,1,1,1,1,1,1,1,1,1,1,1,1,1,1,1,1
1,1,1,1,1,91,92,93,1,1,1,1,1,1,1,1,1,1,1,1,1,1,1,1,1,1,1,1,1,1,1,1,1,1,1,1,1,1,1,1,1,1,1,1,1,1,1,1,1,1
1,1,1,1,1,94,95,96,55,56,57,58,32,33,34,35,36,1,1,1,1,1,1,1,1,1,1,1,1,1,1,1,1,1,1,1,1,1,1,1,1,1,1,1,1,1,1,1,1,1
1,1,1,1,1,97,98,99,59,60,61,62,63,42,43,44,45,118,119,120,1,1,1,1,1,1,1,1,1,1,1,1,1,1,1,1,1,1,1,1,1,1,1,1,1,1,1,1,1,1
1,1,1,1,1,100,101,102,46,47,48,49,50,51,52,53,54,121,122,123,1,1,1,1,1,1,1,1,1,1,1,1,1,1,1,1,1,1,1,1,1,1,1,1,1,1,1,1,1,1
1,1,1,1,1,103,104,105,1,1,1,1,1,1,1,1,1,124,125,126,1,1,1,1,1,1,1,1,1,1,1,1,1,1,1,1,1,1,1,1,1,1,1,1,1,1,1,1,1,1
1,1,1,1,1,106,107,108,1,1,1,1,1,1,1,1,1,127,128,129,1,1,1,1,1,1,1,1,1,1,1,1,1,1,1,1,1,1,1,1,1,1,1,1,1,1,1,1,1,1
1,1,1,1,1,109,110,111,1,1,1,1,2,3,4,5,2,3,4,5,6,7,8,9,28,29,30,31,32,33,34,35,36,6,7,8,9,2,3,4,5,1,1,1,1,1,1,1,1,1
1,1,1,1,1,112,113,114,1,1,1,1,11,12,13,14,11,12,13,14,15,16,17,18,37,38,39,40,41,42,43,44,45,15,16,17,18,11,12,13,14,19,1,1,1,1,1,1,1,1
1,1,1,1,1,115,116,117,1,1,1,1,20,21,22,23,20,21,22,23,24,25,26,27,46,47,48,49,50,51,52,53,54,24,25,26,27,20,21,22,23,64,65,66,1,1,1,1,1,1
1,1,1,1,1,1,91,92,93,1,1,1,1,1,1,1,1,1,1,1,1,1,1,1,1,1,1,1,1,1,1,1,1,1,1,1,1,1,1,1,1,67,68,69,1,1,1,1,1,1
1,1,1,1,1,1,94,95,96,1,1,1,1,1,1,1,1,1,1,1,1,1,1,1,1,155,156,157,1,1,1,1,158,159,160,161,1,1,1,1,1,70,71,72,1,1,1,1,1,1
1,1,1,1,1,1,97,98,99,1,162,163,1,1,1,130,131,1,1,1,1,142,143,144,1,164,165,166,1,1,1,1,167,168,169,1,1,1,1,1,1,73,74,75,1,1,1,1,1,1
1,1,1,1,1,1,100,74,102,1,170,171,1,1,1,134,135,132,133,1,1,145,146,147,1,172,173,174,1,1,1,1,175,176,177,1,1,130,131,1,1,76,77,78,1,1,1,1,1,1
1,1,1,1,1,1,103,104,105,1,178,179,1,1,1,138,139,136,137,1,1,1,1,1,1,1,1,1,1,1,1,1,1,1,132,133,1,134,135,1,1,79,80,81,1,1,1,1,1,1
1,1,1,1,1,1,106,107,108,1,1,1,1,1,1,1,1,140,141,1,1,1,148,149,1,1,1,132,133,1,1,1,1,1,136,137,1,138,139,1,1,82,83,84,1,1,1,1,1,1
1,1,1,1,1,1,109,110,111,1,1,1,1,142,143,144,1,1,1,1,1,1,150,151,152,1,1,136,137,1,1,1,1,1,140,141,1,1,1,1,1,85,86,87,1,1,1,1,1,1
1,1,1,1,1,1,112,113,114,1,1,1,1,145,146,147,1,1,1,1,1,1,1,153,154,1,1,140,141,1,1,1,1,1,1,1,1,1,1,1,1,88,89,90,1,1,1,1,1,1
1,1,1,1,1,1,115,116,117,1,1,1,1,1,1,1,1,158,159,160,161,1,1,1,1,1,1,1,1,1,142,143,144,1,1,1,1,1,1,1,1,64,65,66,1,1,1,1,1,1
1,1,1,1,1,1,91,92,93,1,1,1,1,1,1,1,1,167,168,169,1,1,1,1,1,1,1,1,1,1,145,146,147,1,1,1,1,1,1,1,1,67,68,69,1,1,1,1,1,1
1,1,1,1,1,1,94,68,96,1,1,1,132,133,1,1,1,175,176,177,1,1,1,1,1,130,131,1,1,1,1,1,1,1,1,148,149,1,1,1,1,70,71,72,1,1,1,1,1,1
1,1,1,1,1,1,97,95,99,1,1,1,136,137,1,1,1,1,1,1,1,1,132,133,1,134,135,1,1,1,1,1,1,1,1,150,151,152,1,1,1,73,74,75,1,1,1,1,1,1
1,1,1,1,1,1,100,101,102,1,1,1,140,141,1,1,1,1,1,1,1,1,136,137,1,138,139,1,1,1,1,1,1,1,1,1,153,154,1,1,1,76,77,78,1,1,1,1,1,1
1,1,1,1,1,1,103,104,105,1,1,1,1,1,1,1,1,1,142,143,144,1,140,141,1,1,1,1,1,1,162,163,1,1,1,1,1,1,1,1,1,79,80,81,1,1,1,1,1,1
1,1,1,1,1,1,106,107,108,155,156,157,1,1,1,1,1,1,145,146,147,1,1,1,1,148,149,1,1,1,170,171,1,1,132,133,1,1,1,1,1,82,83,84,1,1,1,1,1,1
1,1,1,1,1,1,109,110,111,164,165,166,1,1,1,1,1,1,1,1,1,1,1,1,1,150,151,152,1,1,178,179,1,1,136,137,1,1,1,1,1,85,86,87,1,1,1,1,1,1
1,1,1,1,1,1,112,113,114,172,173,174,1,1,1,1,1,1,1,1,1,1,1,1,1,1,153,154,1,1,1,1,1,1,140,141,1,1,1,1,1,88,89,90,1,1,1,1,1,1
1,1,1,1,1,1,115,116,117,6,7,8,9,2,3,4,5,28,29,30,31,32,33,34,35,36,2,3,4,5,6,7,8,9,6,7,8,9,10,1,1,1,1,64,65,66,1,1,1,1
1,1,1,1,1,1,1,1,1,15,16,17,18,11,12,13,14,37,38,39,40,41,42,43,44,45,11,12,13,14,15,16,17,18,15,16,17,18,19,1,1,1,1,67,68,69,1,1,1,1
1,1,1,1,1,1,1,1,1,24,25,26,27,20,21,22,23,46,47,48,49,50,51,52,53,54,20,21,22,23,24,25,26,27,24,25,26,27,1,1,1,1,1,70,71,72,1,1,1,1
1,1,1,1,1,1,1,1,1,1,1,1,1,1,1,1,1,1,1,1,1,1,1,1,1,1,1,1,1,1,1,118,119,120,1,1,1,1,1,1,1,1,1,73,74,75,1,1,1,1
1,1,1,1,1,1,1,1,1,1,1,1,1,1,1,1,1,1,1,1,1,1,1,1,1,1,1,1,1,1,1,121,122,123,1,1,1,1,1,1,1,1,1,76,77,78,1,1,1,1
1,1,1,1,1,1,1,1,1,1,1,1,1,1,1,1,1,1,1,1,1,1,1,1,1,1,1,1,1,1,1,124,125,126,1,1,1,1,1,1,1,1,1,79,80,81,1,1,1,1
1,1,1,1,1,1,1,1,1,1,1,1,1,1,1,1,1,1,1,1,1,1,1,1,1,1,1,1,1,1,1,127,128,129,28,29,30,31,32,33,34,35,36,82,83,84,1,1,1,1
1,1,1,1,1,1,1,1,1,1,1,1,1,1,1,1,1,1,1,1,1,1,1,1,1,1,1,1,1,1,1,1,1,1,37,38,39,40,41,42,43,44,45,85,86,87,1,1,1,1
1,1,1,1,1,1,1,1,1,1,1,1,1,1,1,1,1,1,1,1,1,1,1,1,1,1,1,1,1,1,1,1,1,1,46,47,48,49,50,51,52,53,54,88,89,90,1,1,1,1
1,1,1,1,1,1,1,1,1,1,1,1,1,1,1,1,1,1,1,1,1,1,1,1,1,1,1,1,1,1,1,1,1,1,1,1,1,1,1,1,1,1,1,1,1,1,1,1,1,1
1,1,1,1,1,1,1,1,1,1,1,1,1,1,1,1,1,1,1,1,1,1,1,1,1,1,1,1,1,1,1,1,1,1,1,1,1,1,1,1,1,1,1,1,1,1,1,1,1,1
1,1,1,1,1,1,1,1,1,1,1,1,1,1,1,1,1,1,1,1,1,1,1,1,1,1,1,1,1,1,1,1,1,1,1,1,1,1,1,1,1,1,1,1,1,1,1,1,1,1
1,1,1,1,1,1,1,1,1,1,1,1,1,1,1,1,1,1,1,1,1,1,1,1,1,1,1,1,1,1,1,1,1,1,1,1,1,1,1,1,1,1,1,1,1,1,1,1,1,1
}

collision {
(248,256),(248,296),(240,312),(240,432),(248,448),(272,456),(272,600),(272,728),(272,744),(280,864),(272,888),(272,1016),(304,1000),(416,1008),(432,1016),(536,1008),(552,1000),(680,1000),(688,1008),(824,1000),(840,1016),(952,1000),(976,1000),(1088,1008),(1104,1008),(1216,1008),(1216,1064),(1096,1056),(1080,1064),(1064,1096),(1064,1200),(1096,1192),(1232,1192),(1368,1192),(1384,1192),(1384,1144),(1384,1120),(1384,1000),(1392,984),(1328,984),(1320,856),(1320,832),(1320,712),(1328,696),(1320,568),(1320,552),(1320,424),(1312,416),(1200,424),(1176,424),(1064,416),(1048,416),(920,416),(904,416),(776,416),(760,424),(648,416),(640,408),(528,424),(520,416),(512,416),(400,424),(392,376),(496,368),(544,368),(544,352),(544,336),(544,256),(528,256),(400,256),(272,256),(248,256)
(504,584),(536,576),(520,520),(488,528),(504,584)
(328,584),(376,584),(376,536),(328,536),(328,584)
(424,672),(440,696),(496,672),(480,648),(424,672)
(552,624),(584,632),(600,568),(568,560),(552,624)
(736,520),(752,544),(696,568),(680,544),(736,520)
(824,568),(888,544),(872,488),(808,504),(824,568)
(1120,504),(1096,568),(1040,544),(1064,488),(1120,504)
(1208,616),(1240,608),(1224,552),(1192,560),(1208,616)
(1096,656),(1128,664),(1144,608),(1112,600),(1096,656)
(1128,816),(1184,840),(1200,808),(1152,784),(1128,816)
(968,736),(984,760),(1040,736),(1024,712),(968,736)
(872,688),(904,696),(920,632),(888,624),(872,688)
(712,656),(768,680),(784,656),(728,624),(712,656)
(560,768),(616,792),(640,728),(576,712),(560,768)
(392,848),(424,856),(440,792),(408,784),(392,848)
(584,896),(600,920),(656,896),(640,872),(584,896)
(712,872),(744,888),(760,832),(728,824),(712,872)
(824,840),(856,832),(840,776),(808,784),(824,840)
(880,944),(856,968),(808,944),(824,912),(880,944)
(968,936),(1016,936),(1016,888),(968,888),(968,936)
(1096,976),(1128,984),(1144,920),(1112,912),(1096,976)
(320,984),(376,960),(352,904),(296,920),(320,984)
}

buyzones {
(0,256,256,544,384)
(1,1088,1056,1376,1184)
}

spawns {
(0,320,288);(0,384,288);(0,448,288);(0,512,288);(0,512,336);(0,448,336);(0,384,336);(0,320,336);(1,1312,1120);(1,1312,1168);(1,1248,1168);(1,1184,1168);(1,1248,1120);(1,1184,1120);(1,1120,1120);(1,1120,1168)
}

waypoints {
(352,384);(320,432);(400,496);(432,576);(352,640);(400,720);(464,768);(496,832);(496,912);(608,832);(512,720);(560,688);(656,688);(496,624);(464,480);(560,496);(640,544);(672,624);(736,768);(672,800);(752,960);(912,816);(800,720);(816,592);(912,912);(880,736);(816,640);(640,480);(736,496);(336,480);(304,544);(800,880);(592,960);(704,912);(720,720);(896,576);(960,608);(944,656);(944,720);(992,800);(1072,864);(1264,1040);(1280,976);(1216,912);(1168,928);(1152,864);(1072,800);(1088,736);(1040,656);(992,656);(1008,864);(928,848);(912,976);(976,960);(1040,976);(1072,912);(1232,848);(1216,736);(1152,736);(1248,784)
}

guns {
(17,272,304);(17,272,336);(17,272,368);(17,272,400);(18,1360,1136);(18,1360,1104);(18,1360,1072);(18,1360,1040)
}
