tiles {
120,120,120,120,120,120,120,120,120,120,120,120,120,120,120,120,120,120,120,120,120,120,120,120,120,120,10,10,10,10,10,10,12,12,12,10,10,10,10,10
120,120,14,14,14,14,14,14,120,120,120,120,120,120,120,120,120,120,14,14,14,14,14,14,120,120,10,116,52,52,52,10,12,12,12,10,54,52,52,52
120,120,14,14,14,14,14,14,120,120,120,120,120,120,120,120,120,120,14,14,14,14,14,14,120,120,10,52,52,52,52,12,12,12,12,12,52,52,52,52
120,120,120,120,120,120,120,120,120,120,120,120,120,120,120,120,120,120,120,120,120,120,120,120,120,120,10,52,52,52,52,10,12,12,12,10,52,52,52,52
120,120,120,120,120,120,120,120,120,120,120,120,120,120,120,120,120,120,120,120,120,120,120,120,120,63,63,54,52,52,52,10,12,12,12,10,52,52,52,117
10,10,10,10,10,10,10,10,10,10,10,10,15,15,15,10,10,10,10,10,10,10,10,10,10,10,63,10,10,10,10,10,12,12,12,10,10,10,10,10
14,54,52,14,54,52,14,54,52,52,55,10,15,15,15,10,30,15,15,30,15,15,30,15,15,30,63,116,52,52,52,10,12,12,12,10,54,52,52,52
14,54,52,14,54,52,14,54,52,52,52,10,15,15,15,10,14,14,14,14,14,14,14,14,14,14,63,52,52,52,52,12,12,12,12,12,52,52,52,52
52,52,52,52,52,52,52,52,52,52,52,10,15,15,15,10,74,15,15,74,15,15,74,15,15,74,63,52,52,52,52,10,12,12,12,10,52,52,52,52
14,54,52,14,54,52,14,54,52,52,52,10,15,15,15,10,15,15,15,15,15,15,15,15,15,15,63,54,52,52,52,10,12,12,12,10,52,52,52,117
14,54,52,14,54,52,14,54,52,52,52,10,15,15,15,10,74,15,15,74,15,15,74,15,15,74,63,10,10,10,10,10,12,12,12,10,10,10,10,10
52,52,52,52,52,52,52,52,52,52,52,10,15,15,15,10,15,15,15,15,15,15,15,15,15,15,63,116,52,52,52,10,12,12,12,10,54,52,52,52
14,54,52,14,54,52,14,54,52,52,52,10,15,15,15,10,74,15,15,74,15,15,74,15,15,74,63,52,52,52,52,12,12,12,12,12,52,52,52,52
14,54,52,14,54,52,14,54,52,52,52,10,15,15,15,10,14,14,14,14,14,14,14,14,14,14,63,52,52,52,52,10,12,12,12,10,52,52,52,52
52,52,52,52,52,52,52,52,52,52,52,52,15,15,15,15,52,52,52,52,52,52,52,52,52,52,63,54,52,52,52,10,12,12,12,10,52,52,52,117
14,54,52,14,54,52,14,54,52,52,52,52,15,15,15,15,52,52,52,52,52,52,52,52,52,52,63,10,10,10,10,10,12,12,12,10,10,10,10,10
14,54,52,14,54,52,14,54,52,52,52,52,15,15,15,15,52,52,52,52,52,52,52,52,52,52,63,116,52,52,52,10,12,12,12,10,54,52,52,52
10,10,10,10,10,10,10,10,10,10,10,10,15,15,15,10,10,10,10,10,10,10,10,10,10,10,63,52,52,52,52,12,12,12,12,12,52,52,52,52
170,170,170,170,156,157,158,170,170,170,170,10,15,15,15,10,120,120,120,120,120,120,120,120,120,120,63,52,52,52,52,10,12,12,12,10,52,52,52,52
170,170,170,170,170,170,170,170,170,170,170,10,15,15,15,10,120,120,124,120,120,120,120,124,120,120,63,54,52,52,52,10,12,12,12,10,52,52,52,117
170,170,170,170,170,170,170,170,170,170,170,10,15,15,15,10,120,123,124,123,123,123,123,124,123,120,63,10,10,10,10,10,12,12,12,10,10,10,10,10
170,170,170,170,170,170,170,170,170,170,170,10,15,15,15,10,120,123,124,123,123,123,123,124,123,120,63,116,52,52,52,10,12,12,12,10,54,52,52,52
170,170,170,170,156,157,158,170,170,170,170,10,15,15,15,10,120,123,124,123,123,123,123,124,123,120,63,52,52,52,52,12,12,12,12,12,52,52,52,52
172,172,172,172,173,154,155,172,172,172,172,10,15,15,15,10,120,123,123,123,123,123,123,123,123,120,63,52,52,52,52,10,12,12,12,10,52,52,52,52
170,170,170,170,159,175,143,170,170,170,170,10,15,15,15,10,120,123,123,123,123,123,123,123,123,120,63,54,52,52,52,10,12,12,12,10,52,52,52,117
170,170,170,170,170,170,170,170,170,170,170,10,15,15,15,10,120,123,123,123,123,123,123,123,123,120,63,10,10,10,10,10,12,12,12,10,10,10,10,10
170,170,170,170,170,170,170,170,170,170,170,170,15,15,15,120,120,123,123,123,123,123,123,123,123,120,63,12,12,12,12,12,12,12,12,12,12,12,12,12
170,170,170,170,170,170,170,170,170,170,170,170,15,15,15,120,120,123,123,123,123,123,123,123,123,120,63,12,12,12,12,12,12,12,12,12,12,12,12,12
170,170,170,170,159,175,143,170,170,170,170,170,15,15,15,120,120,120,120,120,120,120,120,120,120,120,63,12,12,14,14,14,14,14,14,14,14,14,12,12
10,10,42,10,10,42,10,10,42,10,46,10,52,52,52,10,42,10,10,42,10,10,42,10,10,42,63,12,12,14,14,14,14,14,14,14,14,14,12,12
55,55,52,52,52,52,52,52,52,52,52,52,52,52,52,52,52,52,52,52,52,52,52,52,52,63,63,12,12,14,14,14,14,14,14,14,14,14,12,12
52,52,52,52,52,115,112,112,112,114,52,52,52,52,52,52,52,115,113,113,113,114,52,52,52,52,52,12,12,12,12,12,12,12,12,12,12,74,12,12
52,52,52,52,52,115,112,112,112,114,52,52,52,52,52,52,52,115,113,113,113,114,52,52,52,52,52,12,12,12,12,12,12,12,12,12,12,12,12,12
52,52,52,52,52,115,112,112,112,114,52,52,52,52,52,52,52,115,113,113,113,114,52,52,52,52,52,12,12,12,12,12,12,12,12,12,12,12,12,12
52,52,52,52,52,115,112,112,112,114,52,52,52,52,52,52,52,115,113,113,113,114,52,52,52,52,52,12,12,12,12,12,12,12,12,12,12,12,12,12
52,52,52,52,52,115,112,112,112,114,52,52,52,52,52,52,52,115,113,113,113,114,52,52,52,52,52,12,12,14,14,14,14,14,14,14,14,14,12,12
52,52,52,52,52,115,112,112,112,114,52,52,52,52,52,52,52,115,113,113,113,114,52,52,52,52,52,12,12,14,14,14,32,33,34,35,14,14,12,12
52,52,52,52,52,115,112,112,112,114,52,52,52,52,52,52,52,115,113,113,113,114,52,52,52,52,52,12,12,14,14,14,14,14,14,14,14,14,12,12
52,52,52,52,52,115,112,112,112,114,52,52,52,52,52,52,52,115,113,113,113,114,52,52,52,52,52,12,12,12,12,12,12,12,12,12,12,12,12,12
52,52,52,52,52,52,52,52,52,52,52,52,52,52,52,52,52,52,52,52,52,52,52,52,52,52,52,12,12,12,12,12,12,12,12,12,12,12,12,12
}

collision {
(1280,1280),(0,1280),(0,0),(1280,0),(1280,1280)
(832,128),(864,128),(864,32),(992,32),(992,64),(1024,64),(1024,0),(832,0),(832,128)
(864,192),(864,128),(864,192)
(896,128),(864,128),(896,128)
(864,192),(992,192),(992,224),(1024,224),(1024,96),(992,96),(992,160),(864,160),(864,192)
(896,288),(864,288),(896,288)
(864,352),(992,352),(992,384),(1024,384),(1024,256),(992,256),(992,320),(864,320),(864,352)
(864,992),(864,160),(864,992)
(864,992),(800,992),(864,992)
(896,448),(864,448),(896,448)
(864,512),(992,512),(992,544),(1024,544),(1024,416),(992,416),(992,480),(864,480),(864,512)
(864,672),(992,672),(992,704),(1024,704),(1024,576),(992,576),(992,640),(864,640),(864,672)
(864,832),(1024,832),(1024,736),(992,736),(992,800),(864,800),(864,832)
(896,768),(864,768),(896,768)
(896,608),(864,608),(896,608)
(1184,64),(1152,64),(1184,64)
(1184,224),(1152,224),(1184,224)
(1184,384),(1152,384),(1184,384)
(1184,544),(1152,544),(1184,544)
(1184,704),(1152,704),(1184,704)
(1152,736),(1152,800),(1280,800),(1280,832),(1120,832),(1120,736),(1152,736)
(1152,576),(1152,640),(1280,640),(1280,672),(1152,672),(1152,704),(1120,704),(1120,576),(1152,576)
(1120,416),(1152,416),(1152,480),(1280,480),(1280,512),(1152,512),(1152,544),(1120,544),(1120,416)
(1152,256),(1152,320),(1280,320),(1280,352),(1152,352),(1152,384),(1120,384),(1120,256),(1152,256)
(1152,96),(1152,160),(1280,160),(1280,192),(1152,192),(1152,224),(1120,224),(1120,96),(1152,96)
(1120,0),(1280,0),(1280,32),(1152,32),(1152,64),(1120,64),(1120,0)
(1216,1120),(1216,1216),(928,1216),(928,1120),(1216,1120)
(832,928),(832,960),(480,960),(480,928),(832,928)
(0,928),(0,992),(64,992),(64,960),(384,960),(384,928),(0,928)
(384,544),(0,544),(0,576),(352,576),(352,832),(384,832),(384,544)
(224,480),(224,544),(192,544),(192,480),(224,480)
(128,480),(128,544),(96,544),(96,480),(128,480)
(32,480),(32,544),(0,544),(0,480),(32,480)
(32,384),(32,448),(0,448),(0,384),(32,384)
(128,384),(128,448),(96,448),(96,384),(128,384)
(224,384),(224,448),(192,448),(192,384),(224,384)
(224,288),(224,352),(192,352),(192,288),(224,288)
(128,288),(128,352),(96,352),(96,288),(128,288)
(32,288),(32,352),(0,352),(0,288),(32,288)
(32,192),(32,256),(0,256),(0,192),(32,192)
(128,192),(128,256),(96,256),(96,192),(128,192)
(224,192),(224,256),(192,256),(192,192),(224,192)
(352,448),(352,224),(320,224),(320,192),(0,192),(0,160),(384,160),(384,448),(352,448)
(512,192),(832,192),(832,160),(480,160),(480,448),(512,448),(512,192)
(512,576),(832,576),(832,544),(480,544),(480,832),(512,832),(512,576)
(832,928),(832,576),(832,928)
(832,544),(832,192),(832,544)
(832,128),(800,128),(832,128)
(1216,896),(1216,992),(1216,896)
(1216,896),(928,896),(1216,896)
(928,992),(928,896),(928,992)
(1184,992),(928,992),(1184,992)
(1184,992),(1184,928),(1184,992)
(1184,960),(1152,928),(1184,928),(1184,960)
(1120,944),(1120,896),(1120,944)
(1136,960),(1120,944),(1136,960)
(1136,960),(1136,960)
(1104,896),(1120,928),(1104,896)
(1088,976),(1120,992),(1088,976)
(1072,976),(1088,976),(1072,976)
(1072,928),(1072,976),(1072,928)
(1072,928),(1072,928)
(1036,960),(1036,900),(1036,960)
(1036,964),(1008,964),(1036,964)
(1008,900),(1008,964),(1008,900)
(976,988),(976,924),(976,924),(976,988)
(976,964),(956,944),(976,924),(976,964)
}

collisionPeople {
(64,192),(32,192),(64,192)
(64,224),(32,224),(64,224)
(64,256),(32,256),(64,256)
(64,288),(32,288),(64,288)
(64,320),(32,320),(64,320)
(64,352),(32,352),(64,352)
(64,384),(32,384),(64,384)
(64,416),(32,416),(64,416)
(64,448),(32,448),(64,448)
(64,480),(32,480),(64,480)
(64,512),(32,512),(64,512)
(64,544),(32,544),(64,544)
(160,480),(128,480),(160,480)
(160,512),(128,512),(160,512)
(160,544),(128,544),(160,544)
(256,480),(224,480),(256,480)
(256,512),(224,512),(256,512)
(256,544),(224,544),(256,544)
(256,416),(224,416),(256,416)
(256,448),(224,448),(256,448)
(256,384),(224,384),(256,384)
(160,384),(128,384),(160,384)
(160,416),(128,416),(160,416)
(160,448),(128,448),(160,448)
(160,288),(128,288),(160,288)
(160,320),(128,320),(160,320)
(160,352),(128,352),(160,352)
(160,192),(128,192),(160,192)
(160,224),(128,224),(160,224)
(160,256),(128,256),(160,256)
(256,224),(224,224),(256,224)
(256,192),(224,192),(256,192)
(256,256),(224,256),(256,256)
(256,288),(224,288),(256,288)
(256,320),(224,320),(256,320)
(256,352),(224,352),(256,352)
(832,448),(512,448),(832,448)
(576,736),(576,608),(576,736)
(608,608),(608,736),(608,608)
(736,608),(736,736),(736,608)
(768,736),(768,608),(768,736)
(768,736),(736,736),(768,736)
(608,736),(576,736),(608,736)
(216,608),(216,600),(208,592),(200,584),(192,584),(184,576),(168,576),(152,584),(144,592),(136,600),(136,608),(144,608),(144,600),(152,592),(160,592),(168,584),(176,584),(184,584),(192,592),(200,592),(208,600),(208,608),(216,608)
(192,912),(184,912),(168,912),(160,912),(152,904),(144,896),(136,896),(144,904),(152,912),(160,920),(168,920),(184,920),(192,920),(200,912),(208,904),(216,896),(208,896),(192,912)
}

spawns {
(1,880,144);(1,1168,48);(1,1168,208);(1,880,304);(1,1168,368);(1,880,464);(1,1168,528);(1,880,624);(1,1168,688);(1,880,784);(1,1264,144);(1,880,48);(1,880,208);(1,1264,304);(1,880,368);(1,1264,464);(1,1264,624);(1,1264,784);(1,880,688);(1,880,528);(0,640,128);(0,672,128);(0,704,128);(0,128,128);(0,160,128);(0,192,128)
}

waypoints {
(1216,96);(1120,80);(928,112);(1024,80);(928,272);(1024,240);(1216,272);(1120,240);(1024,400);(1120,400);(1216,432);(928,448);(1024,560);(1120,560);(1024,720);(1120,720);(1216,608);(928,608);(928,768);(1216,768);(1072,176);(1072,320);(1072,480);(1072,640);(1056,832);(944,880);(880,976);(864,1072);(1184,864);(1248,960);(1200,1072);(1040,1072);(1248,1216);(1104,1248);(896,1232);(768,1168);(560,1072);(80,1216);(272,1088);(448,1200);(432,992);(80,1040);(736,1024);(800,976);(848,960);(848,704);(848,528);(848,224);(832,144);(736,144);(544,112);(576,16);(768,16);(800,96);(352,96);(432,64);(272,16);(48,32);(64,128);(128,64);(192,64);(240,128);(656,64);(704,64);(432,176);(432,320);(432,496);(624,496);(752,496);(304,512);(256,464);(176,464);(80,464);(80,368);(80,272);(176,272);(288,272);(320,368);(176,368);(432,672);(432,864);(320,880);(288,704);(176,672);(48,736);(144,848);(272,816);(544,864);(720,832);(800,752);(784,592);(672,592);(560,592);(656,736)
}

guns {
(27,1264,144);(27,1264,304);(27,1264,464);(27,1264,624);(27,1264,784);(27,880,688);(27,880,528);(27,880,368);(27,880,208);(27,880,48);(13,944,976);(7,592,48);(8,624,48);(9,656,48);(10,688,48);(11,720,48);(12,752,48);(13,592,80);(14,624,80);(15,656,80);(16,688,80);(17,720,80);(18,752,80);(19,80,48);(20,112,48);(21,144,48);(22,176,48);(23,208,48);(24,240,48);(1,80,80);(2,112,80);(3,144,80);(4,176,80);(5,208,80);(6,240,80);(23,384,48);(23,416,48);(23,448,48);(23,480,48);(26,528,464);(26,528,464);(26,528,464);(26,528,464);(26,528,464);(26,624,464);(26,624,464);(26,624,464);(26,624,464);(26,624,464);(26,720,464);(26,720,464);(26,720,464);(26,720,464);(26,720,464);(26,816,464);(26,816,464);(26,816,464);(26,816,464);(26,816,464);(26,816,464);(26,816,464);(26,816,464);(26,816,464);(26,816,464);(26,720,464);(26,720,464);(26,720,464);(26,720,464);(26,720,464);(26,624,464);(26,624,464);(26,624,464);(26,624,464);(26,624,464);(26,528,464);(26,528,464);(26,528,464);(26,528,464);(26,528,464);(27,176,752)
}
