tiles {
89,90,91,92,93,94,0,0,0,0,0,0,0,0,0,0,0,0,0,0,0,0,0,0,0,0,0,0,0,0,0,0,0,0,0,0,0,0,0,0,0,0,0,0,0,0,0,0
97,98,99,100,101,102,0,0,0,0,0,0,0,0,0,0,0,0,0,0,0,0,0,0,0,0,0,0,0,0,0,0,0,0,0,0,0,0,0,0,0,0,0,0,0,0,0,0
0,0,0,0,0,0,0,0,0,0,0,0,0,0,0,0,0,0,0,0,0,0,0,0,0,0,0,0,0,0,0,0,0,0,0,0,0,0,0,0,0,0,0,0,0,0,0,0
0,0,0,55,56,48,49,50,48,49,50,48,49,50,48,49,50,48,49,50,48,49,50,48,49,50,48,49,50,48,49,50,48,49,50,55,56,48,49,50,48,49,50,55,56,0,0,0
0,0,0,57,58,51,52,53,51,52,53,51,52,53,51,52,53,51,52,53,51,52,53,51,52,53,51,52,53,51,52,53,51,52,53,57,58,51,52,53,51,52,53,57,58,0,0,0
0,0,0,59,60,110,107,107,107,107,130,129,79,110,107,107,107,107,107,13,14,110,107,107,107,107,79,138,129,107,107,107,107,107,107,59,60,23,24,110,107,107,107,59,60,0,0,0
0,0,0,55,56,108,25,25,25,25,38,37,112,109,25,77,77,111,25,15,16,79,104,115,25,25,112,128,37,25,25,25,78,115,25,137,129,21,22,108,25,25,25,55,56,0,0,0
0,0,0,57,58,108,25,25,25,25,38,37,25,25,25,112,107,109,25,17,18,110,122,117,78,115,25,13,14,111,25,78,77,104,115,38,37,19,20,108,78,115,25,57,58,0,0,0
0,0,0,59,60,108,25,25,25,25,55,56,111,25,78,115,25,25,25,137,129,109,25,78,79,119,25,15,16,108,25,116,118,122,117,38,37,137,129,109,77,104,115,59,60,0,0,0
0,0,0,55,56,108,25,25,25,25,57,58,108,25,77,119,25,25,25,38,37,25,25,116,118,109,25,17,18,108,25,25,25,25,25,55,56,136,37,25,112,122,117,55,56,0,0,0
0,0,0,57,58,108,25,25,25,25,59,60,108,25,112,109,25,25,25,38,37,77,111,25,25,25,25,137,129,109,1,2,3,111,25,57,58,133,37,25,1,2,3,57,58,0,0,0
0,0,0,59,60,108,25,25,25,25,132,13,14,111,25,25,1,2,3,136,37,105,10,11,12,104,115,38,37,25,4,5,6,108,25,59,60,133,37,25,4,5,6,59,60,0,0,0
0,0,0,55,56,108,25,25,79,111,39,17,18,108,25,25,4,5,6,133,37,116,7,8,9,124,117,38,37,25,112,107,107,109,25,137,135,128,37,13,14,110,107,55,56,0,0,0
0,0,0,57,58,108,25,25,105,126,25,112,107,109,25,13,14,110,107,128,37,25,112,107,107,109,25,38,37,77,111,25,25,25,25,38,37,38,37,17,18,108,25,57,58,0,0,0
0,0,0,59,60,108,25,25,116,117,25,25,78,115,25,15,16,108,25,38,37,77,111,25,25,25,25,38,37,112,109,25,77,111,25,38,37,38,37,112,107,109,25,59,60,0,0,0
0,0,0,55,56,108,25,25,55,56,111,25,116,117,25,17,18,108,25,38,37,112,109,25,78,115,25,38,37,25,25,25,105,126,25,55,56,131,37,25,25,25,25,55,56,0,0,0
0,0,0,57,58,108,25,25,57,58,108,25,25,25,25,112,107,109,25,38,37,25,25,77,77,119,25,38,37,25,25,25,116,117,25,57,58,10,12,77,111,25,25,57,58,0,0,0
0,0,0,59,60,108,25,25,59,60,108,25,77,111,25,25,25,25,25,38,37,25,25,112,107,109,25,13,14,111,25,78,77,104,115,59,60,7,9,110,109,25,78,59,60,0,0,0
0,0,0,55,56,108,25,25,55,56,108,77,110,109,25,13,14,111,25,38,37,78,115,25,25,25,25,17,18,108,25,116,105,125,117,55,56,110,107,109,25,25,116,55,56,0,0,0
0,0,0,57,58,48,49,50,57,58,108,112,109,25,25,15,16,108,25,1,2,3,119,25,1,2,3,110,107,109,25,25,116,117,25,57,58,150,25,36,25,25,25,57,58,0,0,0
0,0,0,59,60,51,52,53,59,60,134,40,40,40,40,17,18,134,40,4,5,6,134,40,4,5,6,134,40,40,40,41,40,40,40,59,60,139,40,62,40,41,40,59,60,0,0,0
0,0,0,63,63,63,63,63,63,63,63,63,63,63,63,63,63,63,63,63,63,63,63,63,63,63,63,63,63,63,63,54,63,63,63,63,63,69,63,69,63,54,63,63,63,0,0,0
0,0,0,63,63,63,63,63,63,63,63,63,63,63,63,63,64,29,29,29,29,29,29,29,29,29,29,29,29,29,29,61,29,29,29,29,29,149,29,149,29,61,29,85,63,0,0,0
0,0,0,63,63,63,63,63,63,63,63,63,63,63,63,63,31,10,11,12,143,26,23,24,72,26,78,145,26,77,143,26,26,26,26,23,24,42,43,44,143,26,78,145,85,0,0,0
0,0,0,63,63,63,63,63,63,63,63,63,63,27,27,27,33,7,8,9,141,26,21,22,10,11,12,148,26,144,142,26,10,11,12,21,22,45,46,47,141,26,146,147,28,0,0,0
0,0,0,63,63,63,63,63,63,63,63,63,63,27,27,27,27,144,140,140,142,26,19,20,7,8,9,141,26,26,26,26,7,8,9,19,20,154,155,156,142,26,26,26,28,0,0,0
0,0,0,27,27,27,27,27,27,27,27,27,27,27,27,27,32,10,11,12,143,26,144,140,140,140,140,142,23,24,143,26,144,140,140,140,140,142,26,26,26,10,12,143,28,0,0,0
0,0,0,27,27,27,27,27,27,27,27,27,27,27,27,27,31,7,8,9,141,26,26,26,82,26,26,26,19,20,141,26,26,26,26,26,26,26,26,26,26,7,9,141,65,0,0,0
0,0,0,27,27,27,27,27,27,27,27,27,27,27,27,27,33,157,153,153,151,30,30,30,30,30,30,30,157,153,151,30,30,30,30,30,30,30,30,30,30,157,153,152,63,0,0,0
0,0,0,27,27,27,27,27,27,27,27,27,27,27,27,27,27,67,63,63,63,63,63,63,63,63,63,63,63,63,63,63,63,63,63,63,63,63,63,63,63,63,63,63,63,0,0,0
0,0,0,27,27,27,27,27,27,27,27,27,27,27,27,27,27,27,67,63,63,63,63,63,63,63,63,63,63,63,63,63,63,63,63,63,63,63,63,63,63,63,63,63,63,0,0,0
0,0,0,27,27,27,27,27,27,27,27,27,27,27,27,27,27,27,27,67,63,63,63,63,63,63,63,63,63,63,63,63,63,63,63,63,63,63,63,63,63,63,63,63,63,0,0,0
0,0,0,27,27,27,27,27,27,27,27,27,27,27,27,27,27,27,27,27,67,63,63,63,63,63,63,63,63,63,63,63,63,63,63,63,63,63,63,63,63,63,63,63,63,0,0,0
0,0,0,0,0,0,0,0,0,0,0,0,0,0,0,0,0,0,0,0,0,0,0,0,0,0,0,0,0,0,0,0,0,0,0,0,0,0,0,0,0,0,0,0,0,0,0,0
0,0,0,0,0,0,0,0,0,0,0,0,0,0,0,0,0,0,0,0,0,0,0,0,0,0,0,0,0,0,0,0,0,0,0,0,0,0,0,0,0,0,89,90,91,92,93,94
0,0,0,0,0,0,0,0,0,0,0,0,0,0,0,0,0,0,0,0,0,0,0,0,0,0,0,0,0,0,0,0,0,0,0,0,0,0,0,0,0,0,97,98,99,100,101,102
}

collision {
(640,736),(640,800),(544,800),(544,736),(640,736)
(640,832),(640,896),(544,896),(544,832),(640,832)
(704,832),(864,832),(864,768),(768,768),(768,736),(704,736),(704,832)
(896,896),(960,896),(960,832),(896,832),(896,896)
(1120,768),(1120,736),(1280,736),(1280,800),(1264,816),(1200,816),(1184,800),(1184,832),(1024,832),(1024,768),(1120,768)
(1376,832),(1376,896),(1312,896),(1312,832),(1376,832)
(384,256),(384,352),(416,352),(416,416),(352,416),(352,352),(320,352),(320,256),(384,256)
(672,160),(672,256),(608,256),(608,160),(672,160)
(544,512),(544,416),(608,416),(608,352),(512,352),(512,416),(480,416),(480,512),(544,512)
(704,672),(704,608),(608,608),(608,672),(704,672)
(864,672),(864,608),(928,608),(928,544),(864,544),(864,608),(768,608),(768,672),(864,672)
(864,320),(928,320),(928,224),(864,224),(864,320)
(1056,320),(1056,384),(960,384),(960,320),(1056,320)
(1184,288),(1184,384),(1120,384),(1120,288),(1184,288)
(1184,672),(1184,576),(1248,576),(1248,512),(1184,512),(1184,480),(1120,480),(1120,672),(1184,672)
(544,672),(544,576),(480,576),(480,672),(544,672)
(800,544),(800,512),(736,512),(736,544),(800,544)
(256,384),(288,384),(288,416),(256,416),(256,384)
(416,192),(416,160),(384,160),(384,192),(416,192)
(544,224),(544,192),(480,192),(480,224),(544,224)
(480,320),(480,288),(448,288),(448,320),(480,320)
(384,576),(384,608),(352,608),(352,576),(384,576)
(704,480),(704,448),(672,448),(672,480),(704,480)
(672,192),(672,224),(704,224),(704,192),(672,192)
(768,288),(800,288),(800,256),(768,256),(768,288)
(800,416),(800,352),(704,352),(704,416),(800,416)
(864,192),(864,160),(832,160),(832,192),(864,192)
(1056,256),(1056,224),(1024,224),(1024,256),(1056,256)
(1056,480),(1056,448),(1024,448),(1024,480),(1056,480)
(1056,576),(1056,544),(1024,544),(1024,576),(1056,576)
(960,768),(960,736),(928,736),(928,768),(960,768)
(1312,288),(1312,256),(1280,256),(1280,288),(1312,288)
(1248,544),(1248,512),(1280,512),(1280,544),(1248,544)
(96,672),(320,672),(320,480),(256,480),(256,608),(160,608),(160,160),(1120,160),(1120,192),(1184,192),(1184,256),(1248,256),(1248,160),(1376,160),(1376,672),(1440,672),(1376,672),(1376,384),(1312,384),(1312,448),(1248,448),(1248,384),(1280,384),(1280,320),(1376,320),(1376,160),(1248,160),(1248,256),(1184,256),(1184,192),(1120,192),(1120,160),(160,160),(160,608),(256,608),(256,480),(320,480),(320,672),(96,672)
(1256,736),(1256,632),(1248,632),(1248,624),(1272,624),(1272,736),(1256,736)
(1208,632),(1208,736),(1192,736),(1192,624),(1216,624),(1216,632),(1208,632)
(928,448),(960,448),(960,416),(928,416),(928,448)
(384,576),(416,576),(416,544),(384,544),(384,576)
(704,352),(704,320),(672,320),(672,352),(704,352)
}

collisionPeople {
(608,672),(544,672),(608,672)
(768,672),(704,672),(768,672)
(992,672),(992,704),(992,672),(864,672),(992,672)
(320,672),(480,672),(480,672),(320,672)
(256,416),(288,416),(288,448),(256,448),(256,416)
(480,288),(480,256),(448,256),(448,288),(480,288)
(416,448),(384,448),(384,480),(416,480),(416,448)
(704,608),(704,576),(672,576),(672,608),(704,608)
(800,512),(800,480),(768,480),(768,512),(800,512)
(832,384),(832,352),(800,352),(800,384),(832,384)
(768,288),(768,256),(736,256),(736,288),(768,288)
(800,256),(800,224),(768,224),(768,256),(800,256)
(704,224),(704,192),(736,192),(736,224),(704,224)
(864,768),(864,736),(832,736),(832,768),(864,768)
(1024,576),(1024,544),(992,544),(992,576),(1024,576)
(1056,608),(1056,576),(1024,576),(1024,608),(1056,608)
(1088,576),(1088,544),(1056,544),(1056,576),(1088,576)
(1024,512),(1024,480),(1056,480),(1056,512),(1024,512)
(1376,768),(1376,736),(1344,736),(1344,768),(1376,768)
(1024,224),(992,224),(992,256),(1024,256),(1056,256),(1088,256),(1088,224),(1056,224),(1056,192),(1024,192),(1024,224)
(1280,224),(1280,288),(1344,288),(1344,256),(1312,256),(1312,224),(1280,224)
(1376,544),(1376,576),(1344,576),(1344,544),(1376,544)
(1376,704),(1344,704),(1344,672),(1376,672),(1344,672),(1344,704),(1376,704),(1440,768),(1440,864),(1376,928),(544,928),(512,896),(512,864),(544,832),(544,800),(512,768),(512,736),(544,704),(992,704),(544,704),(512,736),(512,768),(544,800),(544,832),(512,864),(512,896),(544,928),(1376,928),(1440,864),(1440,768),(1376,704)
(1024,672),(1024,704),(1312,704),(1312,672),(1184,672),(1024,672)
(672,352),(704,352),(704,384),(672,384),(672,352)
}

spawns {
(0,192,192);(1,736,880);(0,256,192);(0,256,256);(0,192,256);(0,192,320);(0,256,320);(0,192,384);(0,192,448);(0,192,512);(0,320,192);(1,800,880);(1,864,880);(1,672,880);(1,672,800);(1,1200,880);(1,1008,880);(1,1072,880);(1,1136,880);(1,1264,880)
}

waypoints {
(352,224);(448,352);(544,256);(640,288);(640,384);(736,320);(864,352);(896,448);(640,480);(544,544);(448,544);(352,544);(448,448);(288,352);(352,448);(672,544);(576,448);(768,448);(768,576);(832,512);(928,384);(960,288);(1088,288);(960,192);(1088,384);(1088,480);(1024,416);(992,512);(960,576);(1088,640);(992,640);(1024,736);(896,800);(992,800);(1280,832);(1312,736);(1344,640);(1312,576);(1344,480);(1248,480);(1168,416);(1216,352);(1248,288);(1344,192);(1152,224);(768,864)
}

guns {
}
