tiles {
4,4,4,4,4,5,5,5,5,8,25,25,1,2,8,1,1,1,1,1,1,1,1,1,4,4,4,4,5,5
4,21,16,16,16,16,16,16,5,7,1,1,1,9,10,1,1,1,1,1,2,8,1,1,4,21,16,16,16,5
4,17,0,0,0,0,0,0,5,7,1,1,1,4,4,4,4,5,5,5,5,7,25,1,19,20,2,2,18,5
4,17,0,2,2,2,18,0,0,7,1,1,1,4,4,4,4,5,5,5,5,7,25,1,0,0,2,2,17,5
4,17,0,2,2,2,17,0,0,7,1,1,1,4,4,4,4,5,5,5,5,7,25,1,4,18,19,16,20,5
4,17,0,19,16,16,20,0,5,7,2,2,8,4,4,4,4,5,5,5,5,7,1,1,4,17,0,0,0,5
4,17,0,0,0,0,0,0,5,7,2,2,7,4,4,4,4,5,5,5,5,7,1,1,4,17,0,0,0,5
4,4,4,4,4,5,5,5,5,7,9,6,10,4,4,4,4,5,5,5,5,7,25,1,4,17,2,2,18,5
9,6,6,6,6,6,6,6,6,10,1,1,1,4,4,4,4,5,5,5,5,7,25,1,4,17,2,2,17,5
1,25,25,1,2,2,8,25,25,1,1,1,1,4,4,4,4,5,5,5,5,7,25,1,4,17,19,16,20,5
1,25,25,1,2,2,7,25,25,1,1,1,1,9,6,6,6,6,6,6,6,10,1,1,4,4,0,0,5,5
1,1,1,1,9,6,10,1,1,1,1,1,1,1,1,1,1,1,1,1,2,2,8,1,9,6,6,6,6,6
4,4,18,0,5,5,7,1,1,1,1,4,4,4,4,5,5,5,5,8,2,22,10,1,1,1,1,1,1,1
4,21,20,0,19,5,7,1,26,27,1,4,4,4,4,5,5,5,5,7,9,10,4,4,4,5,5,5,8,1
4,17,0,0,0,5,7,1,28,29,1,4,4,4,4,5,5,5,5,7,1,1,4,4,4,5,5,5,7,1
4,17,0,0,2,5,7,1,1,1,1,9,6,6,6,6,6,6,6,10,1,1,4,4,4,5,5,5,7,1
4,17,0,0,2,5,7,1,26,27,1,1,1,1,1,1,1,25,25,1,1,1,4,4,4,5,5,5,7,1
4,17,0,0,19,5,7,1,28,29,1,2,2,2,8,1,1,25,25,1,1,1,9,6,6,6,6,6,10,1
4,17,0,0,0,5,7,1,1,1,1,9,6,6,10,1,1,1,1,1,1,1,1,1,1,1,1,1,1,1
4,17,2,2,18,0,7,4,4,5,5,8,1,1,4,4,5,5,8,25,25,1,26,27,1,1,26,27,1,1
4,17,2,2,17,0,7,4,4,5,5,7,1,1,4,4,5,5,7,1,1,1,28,29,1,1,28,29,1,1
4,17,19,16,20,5,7,4,4,5,5,7,1,1,4,4,5,5,7,25,25,1,1,1,1,1,1,1,1,1
4,17,0,0,0,5,7,4,4,5,5,7,25,1,4,4,5,5,7,25,25,1,1,1,1,25,25,25,25,25
4,17,0,0,0,5,7,4,4,5,5,7,25,1,4,4,5,5,7,1,1,1,1,1,1,4,4,4,5,5
4,17,0,0,0,5,7,4,4,5,5,7,1,1,4,4,5,5,7,4,4,5,5,8,1,4,21,16,16,5
4,17,2,2,18,0,7,4,4,5,5,7,1,1,4,4,5,5,7,4,4,5,5,7,1,19,20,0,0,5
4,17,2,2,17,0,7,4,4,5,5,7,1,1,4,4,5,5,7,4,4,5,5,7,1,0,0,2,18,5
4,17,19,16,20,5,7,9,6,6,6,10,1,1,9,6,6,6,10,9,6,6,6,10,1,4,18,2,17,5
4,17,0,0,0,5,7,1,1,1,1,2,2,2,8,1,1,1,1,1,1,1,1,1,1,4,17,2,17,5
4,4,4,5,5,5,7,1,1,1,1,9,6,6,10,1,1,1,4,4,4,5,5,5,8,19,20,2,17,5
9,6,6,6,6,6,10,1,1,1,1,1,1,1,1,1,1,1,4,4,4,5,5,5,7,0,0,19,20,5
1,1,1,1,1,1,1,1,25,25,1,1,1,1,1,2,8,1,4,4,4,5,5,5,7,4,18,0,0,5
2,8,4,4,4,4,5,5,5,5,8,2,4,4,5,5,7,1,9,6,6,6,6,6,10,4,4,4,5,5
9,10,4,21,16,16,16,16,16,5,7,9,4,4,5,5,7,1,1,1,1,1,1,1,1,9,6,6,6,6
1,1,19,20,2,18,2,2,18,5,7,1,4,4,5,5,7,2,8,1,1,25,25,1,2,2,8,25,25,1
1,1,0,0,2,17,2,2,17,5,7,1,4,4,5,5,7,2,7,1,1,25,25,1,2,2,7,25,25,1
1,1,4,18,19,20,19,16,20,5,7,1,4,4,5,5,7,9,10,1,1,1,1,1,9,6,10,1,1,1
1,1,4,17,0,0,0,0,0,5,7,1,4,4,5,5,7,1,1,1,1,4,4,4,4,4,5,5,5,5
1,1,4,17,2,2,18,2,18,0,7,1,4,4,5,5,7,1,2,2,8,4,21,16,16,16,16,16,16,5
1,2,4,17,2,2,17,2,17,0,7,1,4,4,5,5,7,1,2,2,7,4,17,0,0,0,0,0,0,5
1,9,4,17,19,16,20,19,20,5,7,1,4,4,5,5,7,1,9,6,10,19,20,0,2,2,2,18,0,5
1,1,4,4,4,4,5,5,5,5,7,1,4,4,5,5,7,1,1,1,1,0,0,0,2,2,2,17,0,5
1,1,9,6,6,6,6,6,6,6,10,1,4,4,5,5,7,1,1,1,1,4,18,0,19,16,16,20,0,5
25,1,1,1,1,1,1,1,1,2,8,1,9,6,6,6,10,1,1,1,1,4,17,0,0,0,0,0,0,5
25,25,1,1,1,1,1,1,1,2,7,1,1,1,1,1,1,1,25,25,1,4,4,4,4,4,5,5,23,24
}

collision {
(288,160),(288,256),(0,256),(0,0),(288,0),(288,96),(256,96),(256,32),(32,32),(32,224),(256,224),(256,160),(288,160)
(0,1440),(960,1440),(960,0),(0,0),(0,1440)
(576,608),(576,864),(448,864),(448,608),(576,608)
(448,544),(448,576),(352,576),(352,544),(448,544)
(352,384),(608,384),(608,480),(352,480),(352,384)
(384,160),(384,224),(320,224),(320,160),(384,160)
(448,0),(448,32),(416,32),(416,0),(448,0)
(672,32),(672,320),(416,320),(416,64),(640,64),(640,32),(672,32)
(800,64),(800,32),(928,32),(928,320),(896,320),(896,352),(960,352),(960,0),(768,0),(768,64),(800,64)
(832,128),(896,128),(896,64),(832,64),(832,128)
(896,224),(896,288),(832,288),(832,224),(896,224)
(800,128),(800,320),(832,320),(832,352),(768,352),(768,128),(800,128)
(704,352),(704,384),(672,384),(672,416),(640,416),(640,352),(704,352)
(896,416),(896,544),(704,544),(704,416),(896,416)
(352,928),(448,928),(448,896),(352,896),(352,928)
(224,608),(352,608),(352,864),(224,864),(224,608)
(160,800),(192,800),(192,672),(160,672),(160,800)
(192,864),(192,960),(0,960),(0,384),(64,384),(64,416),(32,416),(32,928),(160,928),(160,864),(192,864)
(64,608),(128,608),(128,672),(64,672),(64,608)
(128,480),(160,480),(160,416),(128,416),(128,384),(192,384),(192,608),(160,608),(160,544),(128,544),(128,480)
(128,800),(128,864),(64,864),(64,800),(128,800)
(96,96),(192,96),(192,160),(96,160),(96,96)
(192,288),(192,352),(128,352),(128,288),(192,288)
(736,768),(736,864),(608,864),(608,768),(736,768)
(800,736),(960,736),(960,1056),(800,1056),(800,992),(832,992),(832,1024),(928,1024),(928,768),(832,768),(832,800),(800,800),(800,736)
(832,864),(832,928),(800,928),(800,864),(832,864)
(896,832),(896,960),(864,960),(864,832),(896,832)
(576,1024),(768,1024),(768,928),(576,928),(576,1024)
(384,1056),(384,1376),(512,1376),(512,1024),(512,992),(480,992),(480,1024),(384,1024),(352,1024),(352,1056),(384,1056)
(576,1088),(576,1152),(544,1152),(544,1088),(576,1088)
(640,1216),(640,1280),(576,1280),(576,1216),(640,1216)
(320,1440),(320,1376),(288,1376),(288,1440),(320,1440)
(96,1088),(96,1056),(288,1056),(288,1216),(320,1216),(320,1024),(64,1024),(64,1088),(96,1088)
(32,1024),(0,1024),(0,1056),(32,1056),(32,1024)
(160,1088),(160,1152),(128,1152),(128,1088),(160,1088)
(256,1088),(256,1152),(192,1152),(192,1088),(256,1088)
(256,1216),(256,1280),(224,1280),(224,1216),(256,1216)
(192,1216),(192,1280),(128,1280),(128,1216),(192,1216)
(96,1152),(96,1312),(288,1312),(288,1280),(320,1280),(320,1344),(64,1344),(64,1280),(32,1280),(32,1248),(64,1248),(64,1152),(96,1152)
(832,1088),(832,1152),(768,1152),(768,1088),(832,1088)
(704,1280),(704,1216),(928,1216),(928,1408),(704,1408),(704,1344),(672,1344),(672,1440),(960,1440),(960,1184),(672,1184),(672,1280),(704,1280)
(864,1280),(864,1344),(768,1344),(768,1280),(864,1280)
(263,427),(267,433),(258,435),(259,445),(265,451),(258,457),(255,464),(264,467),(269,470),(274,474),(285,469),(285,474),(297,478),(304,464),(317,463),(319,455),(318,447),(313,441),(313,434),(314,426),(309,424),(301,427),(296,420),(292,416),(282,421),(276,425),(268,420),(263,427)
(276,518),(267,517),(264,524),(264,530),(260,530),(260,535),(263,543),(263,550),(258,553),(261,561),(266,564),(270,567),(278,567),(283,565),(288,567),(293,574),(300,575),(300,567),(303,560),(310,561),(317,556),(316,549),(311,546),(315,538),(309,533),(312,530),(311,525),(309,520),(302,523),(300,520),(296,512),(288,515),(282,521),(276,518)
(712,617),(712,627),(707,629),(711,638),(711,644),(707,649),(710,656),(716,661),(726,661),(732,661),(735,665),(741,671),(747,668),(753,661),(753,653),(763,659),(768,653),(766,644),(764,639),(762,634),(759,631),(762,622),(759,615),(753,614),(745,614),(743,607),(737,606),(733,613),(725,617),(717,613),(712,617)
(840,657),(843,660),(850,662),(857,662),(864,662),(867,671),(874,669),(878,661),(881,655),(887,658),(894,654),(894,644),(892,639),(887,632),(888,629),(891,620),(887,614),(880,616),(874,615),(869,608),(864,610),(858,615),(855,618),(850,615),(845,611),(840,617),(840,624),(833,629),(834,633),(839,644),(833,651),(840,657)
}

collisionPeople {
(736,64),(736,160),(704,160),(704,64),(736,64)
(736,224),(736,320),(704,320),(704,224),(736,224)
(608,512),(608,576),(544,576),(544,512),(608,512)
(224,288),(288,288),(288,352),(224,352),(224,288)
(96,352),(32,352),(32,288),(96,288),(96,352)
(320,0),(384,0),(384,32),(320,32),(320,0)
(960,736),(960,704),(800,704),(800,736),(960,736)
(928,1088),(928,1152),(864,1152),(864,1088),(928,1088)
(736,1088),(736,1152),(672,1152),(672,1088),(736,1088)
(320,1024),(320,992),(256,992),(256,1024),(320,1024)
(640,1440),(640,1408),(576,1408),(576,1440),(640,1440)
(0,1440),(0,1376),(32,1376),(32,1408),(64,1408),(64,1440),(0,1440)
(672,672),(672,736),(608,736),(608,672),(672,672)
(672,608),(672,640),(608,640),(608,608),(672,608)
(416,704),(416,768),(384,768),(384,704),(416,704)
}

spawns {
(1,160,192);(1,192,192);(1,224,192);(1,160,64);(1,192,64);(0,736,1376);(0,768,1376);(0,800,1376);(0,736,1248);(0,768,1248);(0,800,1248);(1,224,64)
}

waypoints {
(480,544)
}

guns {
}
