tiles {
1,1,1,1,1,1,2,3,4,1,1,1,1,1,1
1,1,1,1,1,1,2,3,4,1,1,1,0,1,1
1,1,1,1,1,1,2,3,4,1,1,1,0,1,1
1,1,1,1,1,1,2,3,4,1,1,1,1,1,1
1,1,1,1,1,1,2,3,4,1,1,1,1,1,1
1,1,1,1,1,1,2,3,4,1,1,1,1,1,1
1,1,0,1,1,1,2,3,4,1,1,1,1,1,1
1,1,0,1,1,1,2,3,4,1,1,1,1,1,1
1,1,1,1,1,1,2,3,4,1,1,1,1,1,1
3,5,6,7,8,9,10,11,12,13,14,15,16,3,3
}

collision {
(384,96),(416,96),(416,32),(384,32),(384,96)
(64,256),(96,256),(96,192),(64,192),(64,256)
(0,320),(480,320),(480,288),(0,288),(0,320)
(0,288),(480,288),(480,0),(0,0),(0,288)
}

collisionPeople {
(192,288),(288,288),(288,0),(192,0),(192,288)
}

spawns {
(1,448,32);(1,448,64);(1,448,96);(1,448,128);(1,448,160);(0,32,256);(0,32,224);(0,32,192);(0,32,160);(0,32,128)
}

waypoints {
(288,272);(464,272);(384,240);(384,160);(288,160);(288,16);(288,80);(384,16);(448,32);(464,128);(192,16);(192,80);(192,160);(192,272);(96,272);(32,256);(16,160);(16,16);(96,48);(96,128)
}

guns {
(23,448,160);(23,448,128);(23,448,96);(23,448,64);(23,448,32);(23,32,256);(23,32,224);(23,32,192);(23,32,160);(23,32,128);(25,32,32);(25,448,256)
}

buyzones {
(1,0,290,0,290);(0,0,290,0,290)
}