tiles {
143,144,52,52,52,52,52,52,126,13,13,13,13,13,126,59,59,59,59,59,59,126,53,53,53,115,119,115,119,116
52,52,52,52,52,52,52,52,126,13,13,13,13,13,126,59,59,59,59,59,59,126,53,53,53,53,53,53,53,53
52,52,52,52,52,52,52,52,126,13,13,13,13,13,126,59,59,59,59,59,59,126,53,53,53,53,53,53,53,53
182,52,52,52,52,52,52,179,131,13,13,13,13,13,62,59,59,59,59,59,59,62,53,53,53,53,53,53,53,53
123,123,123,123,123,123,123,123,131,13,13,13,13,13,62,59,59,59,160,139,140,62,53,53,53,54,53,54,53,53
123,124,124,124,124,124,124,123,126,51,51,62,62,62,62,59,59,59,160,130,136,62,15,15,62,62,62,62,15,15
123,125,125,125,124,124,124,123,126,51,51,51,51,51,62,59,59,59,160,180,181,62,15,15,15,144,143,14,15,15
123,124,124,124,124,124,124,123,131,51,51,51,51,51,126,59,59,59,160,161,59,126,15,15,15,15,15,15,15,15
123,124,124,124,124,124,124,123,131,51,51,51,51,51,126,59,59,59,160,161,59,126,15,15,15,15,15,15,15,182
123,123,123,123,123,123,123,123,131,179,51,51,51,51,126,59,59,59,160,161,59,126,15,15,15,15,15,15,15,179
}

collision {
(960,0),(960,0),(288,0),(960,0),(960,0)
}

collisionPeople {
(608,160),(672,160),(672,128),(608,128),(608,160)
(608,224),(672,224),(672,192),(608,192),(608,224)
(800,224),(896,224),(896,192),(800,192),(800,224)
(928,320),(960,320),(960,288),(928,288),(928,320)
(928,288),(960,288),(960,256),(928,256),(928,288)
(832,0),(832,32),(800,32),(800,0),(832,0)
(896,0),(896,32),(864,32),(864,0),(896,0)
(960,0),(960,32),(928,32),(928,0),(960,0)
(832,160),(832,128),(800,128),(800,160),(832,160)
(864,160),(896,160),(896,128),(864,128),(864,160)
(960,0),(0,0),(0,320),(960,320),(960,0)
(896,160),(896,192),(768,192),(768,160),(896,160)
(672,0),(672,0)
(672,224),(704,224),(704,96),(672,96),(672,224)
(480,224),(480,96),(448,224),(448,160),(448,96),(480,224)
(480,224),(448,224),(480,224)
(352,192),(448,192),(448,160),(352,160),(352,192)
(256,320),(288,320),(288,224),(256,224),(256,320)
(256,160),(288,160),(288,96),(256,96),(256,160)
(128,192),(32,192),(128,192)
(128,192),(128,224),(128,192)
(128,224),(32,224),(128,224)
(32,288),(32,224),(32,288)
(224,288),(32,288),(224,288)
(224,160),(224,288),(224,160)
(224,160),(32,160),(224,160)
(32,192),(32,160),(32,192)
(0,128),(32,128),(32,96),(0,96),(0,128)
(224,128),(256,96),(256,128),(224,96),(224,128)
(0,32),(32,32),(64,32),(64,0),(0,0),(0,32)
}

buyzones {
(0,544,96,672,224)
(1,0,0,960,320)
}

spawns {
(1,128,64);(1,96,64);(1,96,96);(1,64,96);(1,64,64);(1,384,96);(1,352,96);(1,320,64);(1,384,64);(1,416,64);(1,384,256);(1,352,256);(1,352,288);(1,384,288);(1,320,96);(1,352,64);(1,416,96);(0,864,288);(0,896,256);(0,832,256);(0,832,288);(0,928,64);(0,864,64);(1,128,192);(1,128,224)
}

waypoints {
(192,32);(384,64);(608,288);(608,64);(416,288);(928,64);(896,256)
}

guns {
(8,864,288);(13,896,224);(20,832,256);(21,832,288);(26,864,64);(26,928,64);(26,864,288);(26,832,288);(26,832,256);(26,896,256);(27,896,256);(27,832,256);(27,832,288);(27,864,288);(27,864,64);(27,928,64);(25,864,64);(25,928,64);(25,864,288);(25,832,288);(25,832,256);(25,928,224)
}
