tiles {
2,2,2,2,2,2,2,2,2,2,2,2,2,2,2,2,2,2,2,2,2,2,2,2,2,2,2,2,2,2,2,2,2,2,2,2,2
2,2,2,2,2,2,2,2,2,40,33,16,16,16,33,2,2,2,2,2,2,2,2,2,2,2,2,2,2,2,2,2,2,2,2,2,2
2,2,2,2,2,2,2,2,2,43,19,19,19,24,22,2,2,2,2,2,2,2,2,2,2,2,2,2,2,2,2,2,2,2,2,2,2
2,2,2,2,2,2,2,2,2,2,2,2,2,21,22,2,2,2,2,2,2,3,4,4,5,2,2,2,2,2,2,2,2,2,2,2,2
2,2,2,2,2,2,2,2,2,2,2,40,16,18,20,16,41,2,2,2,36,6,0,78,11,2,2,2,2,2,2,2,2,2,2,2,2
2,2,2,2,2,2,2,2,2,2,15,18,1,1,1,1,20,16,16,16,80,0,0,0,11,2,2,2,2,2,2,2,2,2,2,2,2
2,73,74,75,2,36,4,4,4,4,95,96,96,92,1,1,23,19,19,24,81,0,0,0,8,5,2,2,2,2,2,2,2,2,2,2,2
2,2,2,2,2,9,94,78,0,0,0,0,0,81,1,23,26,2,2,25,79,0,0,0,0,11,2,2,2,2,2,2,2,2,2,2,2
2,2,2,2,2,9,0,0,0,0,0,0,0,79,19,42,2,2,2,2,9,0,0,0,0,8,5,2,2,2,2,2,2,2,2,2,2
2,2,2,2,2,9,0,0,0,0,0,0,12,10,2,2,2,2,2,2,9,0,0,0,0,94,11,2,2,2,2,2,2,2,2,2,2
2,45,16,16,80,6,0,0,0,0,0,12,10,2,2,2,2,2,2,2,7,13,0,0,0,0,8,4,5,2,2,2,2,2,2,2,2
2,46,1,23,79,14,13,0,0,0,0,72,2,2,2,2,2,2,2,2,2,7,13,0,0,0,0,113,11,2,2,2,2,2,2,2,2
2,21,1,22,2,2,9,114,0,0,12,32,2,2,2,2,47,48,49,50,51,2,7,45,0,0,0,0,8,5,2,2,2,2,2,2,2
2,25,24,22,2,2,39,13,0,0,11,32,2,2,2,2,52,53,54,55,56,2,2,7,13,12,13,0,0,8,5,2,2,2,2,2,2
2,2,21,20,17,2,2,39,13,93,11,32,2,2,2,2,57,63,59,60,61,2,2,2,7,10,7,13,0,0,8,5,2,2,2,2,2
2,2,21,1,22,2,2,45,39,14,38,32,2,2,2,2,62,63,64,65,66,2,2,2,2,2,3,6,0,88,89,8,5,2,2,2,2
2,40,18,1,22,2,2,2,2,2,2,2,2,2,2,2,67,68,69,70,71,2,2,2,2,15,6,0,0,91,90,0,11,2,2,2,2
2,45,24,1,22,2,2,2,40,16,16,16,41,2,2,2,2,2,2,34,34,34,2,2,15,18,76,0,0,0,0,12,10,2,3,2,2
2,2,21,1,20,16,16,16,18,30,1,1,22,2,2,2,2,45,34,34,34,34,34,34,80,1,1,76,0,0,0,8,5,3,6,2,2
2,2,25,19,19,19,19,19,24,1,1,1,44,2,2,2,2,34,34,34,34,34,77,34,79,1,30,31,13,0,0,0,8,6,12,2,2
2,2,2,2,2,2,2,2,43,24,1,1,22,2,2,2,2,2,2,34,34,34,2,2,21,29,1,31,9,0,0,0,0,94,11,2,2
2,2,2,2,2,2,2,2,2,43,19,24,22,2,2,2,2,2,2,2,34,2,2,2,43,46,24,31,39,13,0,0,28,0,11,2,2
2,2,2,2,2,2,2,2,2,2,2,21,22,2,2,3,4,33,37,2,34,2,2,2,2,2,2,2,2,9,0,0,0,12,10,2,2
2,2,2,2,2,2,2,2,2,2,2,96,96,2,3,6,78,0,11,34,34,2,2,2,2,2,2,2,2,9,0,0,12,10,2,2,2
2,2,2,2,2,2,2,2,82,83,84,6,8,4,6,0,0,0,11,2,2,2,2,2,2,2,2,2,2,9,0,0,11,2,2,2,2
2,2,2,2,2,2,2,2,85,86,87,0,0,0,0,0,0,0,8,4,4,4,4,4,98,4,4,4,4,6,0,0,8,5,2,2,2
2,2,2,2,2,2,2,2,39,13,0,0,0,0,93,0,0,0,0,0,0,0,0,0,101,103,0,0,0,0,0,93,0,8,5,2,2
2,2,2,2,2,2,2,2,2,9,0,0,0,12,13,0,0,0,0,0,0,12,14,14,14,104,14,14,14,14,13,0,12,14,38,2,2
2,2,2,2,2,2,2,2,2,6,88,45,14,10,7,13,0,0,0,0,12,10,2,2,2,2,2,2,2,2,96,96,96,2,2,2,2
2,2,2,2,2,2,2,2,2,2,2,2,2,2,2,7,13,0,0,12,10,2,2,2,2,2,2,2,2,2,21,1,22,2,2,2,2
2,2,2,2,2,2,2,2,2,2,2,2,2,2,2,2,39,13,109,110,2,2,2,2,2,2,2,2,2,2,21,1,22,2,2,2,2
2,2,2,2,2,2,2,2,2,2,2,2,2,2,2,2,2,105,106,11,2,2,2,2,2,40,16,16,16,16,18,1,22,2,2,2,2
2,2,2,2,2,2,2,2,2,2,2,2,2,2,2,2,2,9,0,11,2,2,2,2,2,21,23,19,19,19,24,23,42,2,2,2,2
2,2,2,2,2,2,2,2,2,2,2,2,2,2,2,2,2,9,0,8,32,2,2,2,2,21,22,2,2,2,43,42,2,2,2,2,2
2,2,2,2,2,2,2,2,2,2,2,2,2,2,2,2,2,9,0,28,32,2,2,2,2,21,22,2,2,2,2,2,2,2,2,2,2
2,2,2,2,2,2,2,2,2,2,2,2,2,2,2,2,2,9,0,0,32,17,2,2,2,21,22,2,2,2,2,2,2,2,2,2,2
2,2,2,2,2,2,2,2,2,2,2,2,2,2,2,2,2,9,27,0,32,20,17,2,2,21,22,2,2,2,2,2,2,2,2,2,2
2,2,2,2,2,2,2,2,2,2,2,2,2,2,2,2,2,9,0,0,80,1,20,16,16,18,22,2,2,2,2,2,2,2,2,2,2
2,2,2,2,2,2,2,2,2,2,2,2,2,2,2,2,2,39,14,14,79,19,19,19,19,24,22,2,2,2,2,2,2,2,2,2,2
2,2,2,2,2,2,2,2,2,2,2,2,2,2,2,2,2,2,2,2,2,2,2,2,2,43,42,2,2,2,2,2,2,2,2,2,2
2,2,2,2,2,2,2,2,2,2,2,2,2,2,2,2,2,2,2,2,2,2,2,2,2,2,2,2,2,2,2,2,2,2,2,2,2
}

collision {
(512,512),(512,512)
(288,96),(288,32),(320,32),(320,64),(352,64),(352,32),(448,32),(448,64),(480,64),(480,128),(544,128),(544,160),(640,160),(640,128),(672,128),(704,96),(768,96),(800,128),(800,192),(832,224),(832,256),(864,288),(864,320),(896,320),(928,352),(928,384),(1056,512),(1056,544),(1024,576),(1056,608),(1120,544),(1120,704),(1056,768),(1056,800),(1120,864),(1120,896),(1056,896),(1056,1056),(1024,1056),(1024,1088),(960,1088),(960,1056),(864,1056),(864,1280),(800,1280),(800,1248),(544,1248),(544,992),(512,992),(512,960),(448,896),(416,928),(384,928),(384,896),(352,896),(352,904),(328,904),(328,928),(288,928),(288,864),(256,864),(256,768),(352,768),(352,704),(288,704),(288,672),(256,672),(256,640),(96,640),(64,608),(64,544),(32,544),(32,512),(64,512),(64,448),(32,416),(32,384),(64,384),(64,320),(160,320),(160,192),(320,192),(352,160),(352,128),(416,128),(416,96),(288,96)
(416,640),(384,640),(384,608),(416,608),(416,544),(256,544),(256,576),(160,576),(160,480),(128,448),(128,384),(192,384),(192,448),(224,448),(224,512),(384,512),(384,352),(448,288),(512,288),(512,256),(544,224),(608,224),(640,256),(640,320),(800,480),(832,448),(864,480),(768,576),(704,576),(704,544),(608,544),(608,576),(576,576),(576,608),(544,608),(544,640),(608,640),(608,672),(640,672),(640,736),(608,736),(608,704),(576,704),(576,736),(544,736),(544,704),(512,704),(448,768),(416,768),(416,640)
(608,800),(928,800),(928,704),(832,704),(832,672),(800,672),(800,704),(768,704),(768,640),(704,640),(704,672),(672,672),(672,768),(608,768),(608,800)
(896,672),(896,704),(896,672)
(768,416),(736,416),(736,384),(768,384),(768,416)
(640,960),(640,1056),(672,1056),(672,1120),(736,1184),(800,1184),(800,992),(960,992),(960,896),(704,896),(640,960)
(357,513),(357,449),(352,448),(352,512),(357,513)
(286,807),(322,805),(322,779),(284,772),(286,807)
(890,674),(890,702),(890,674)
(889,371),(873,378),(869,360),(882,355),(889,371)
(252,405),(229,410),(228,393),(247,392),(252,405)
(795,807),(799,800),(795,807)
(778,841),(775,848),(778,841)
(787,826),(783,834),(787,826)
(793,811),(790,818),(793,811)
(821,852),(825,848),(821,852)
(814,863),(818,856),(814,863)
(807,877),(812,871),(807,877)
(801,894),(803,888),(804,883),(801,894)
(588,1013),(593,1017),(588,1013)
(576,1006),(582,1010),(576,1006)
(563,999),(570,1003),(563,999)
(557,998),(545,992),(553,994),(557,998)
(595,970),(591,966),(595,970)
(605,975),(600,973),(605,975)
(615,978),(609,978),(615,978)
(625,985),(621,984),(625,985)
(634,991),(631,988),(634,991)
(640,994),(640,994)
(939,530),(980,532),(979,492),(941,493),(939,530)
}

collisionPeople {
(1023,689),(1044,705),(1053,685),(1032,677),(1023,689)
(849,619),(845,623),(840,622),(840,615),(848,615),(849,619)
(855,625),(858,630),(851,638),(845,631),(851,625),(855,625)
(306,584),(302,589),(298,591),(295,584),(301,580),(306,584)
(304,601),(310,604),(312,600),(308,595),(304,601)
(636,1101),(627,1120),(608,1108),(619,1092),(636,1101)
(644,1056),(644,1183),(640,1185),(641,1057),(644,1056)
(670,1186),(641,1185),(670,1186)
(347,805),(348,776),(322,779),(321,806),(347,805)
(262,808),(261,774),(285,774),(286,808),(262,808)
(890,673),(890,609),(896,609),(897,671),(890,673)
(356,446),(356,385),(352,386),(351,445),(356,446)
(735,639),(731,611),(704,609),(702,637),(735,639)
}

spawns {
(1,379,56);(1,448,101);(1,386,161);(1,432,163);(1,472,163);(1,510,163);(1,385,200);(1,431,198);(1,476,202);(1,513,204);(0,771,1216);(0,729,1215);(0,686,1211);(0,642,1218);(0,593,1207);(0,593,1165);(0,584,1123);(0,582,1077);(0,610,1040);(0,828,1215)
}

waypoints {
(828,1134);(835,1025);(993,1028);(978,858);(965,749);(924,597);(886,446);(811,378);(720,258);(609,193);(361,249);(259,315);(151,352);(93,396);(91,499);(140,601);(314,639);(385,759);(455,841);(570,879);(698,864);(878,851);(563,952);(564,780);(654,625);(812,589)
}

guns {
}
