28,21
15,15,15,15,15,15,15,15,15,15,15,15,15,15,15,15,15,15,15,15,15,15,15,15,15,15,15,15
15,11,11,11,11,11,11,11,11,11,11,11,11,11,11,11,15,11,11,11,11,11,11,11,11,11,11,15
15,11,11,11,11,11,11,11,11,11,11,11,11,11,11,11,15,11,11,11,11,11,11,11,11,11,11,15
15,11,11,11,15,15,15,11,11,11,15,15,15,15,15,15,15,11,11,11,11,11,11,11,11,11,11,15
15,11,11,11,15,2,15,11,11,11,15,20,20,20,20,20,24,11,11,11,11,11,11,11,11,11,11,15
15,11,11,11,15,20,15,15,15,15,15,20,20,20,20,20,15,11,11,11,11,11,11,11,11,11,11,15
15,11,11,11,15,20,20,20,20,20,20,20,20,20,20,20,15,11,11,11,11,11,11,11,11,11,11,15
15,11,11,11,22,20,20,20,20,20,20,20,20,20,20,20,15,11,11,11,11,11,11,11,11,11,11,15
15,11,11,11,15,20,20,20,20,20,20,20,20,20,20,20,24,11,11,11,11,11,11,11,11,11,11,15
15,30,30,30,15,15,15,15,15,15,15,15,15,15,20,20,20,23,15,15,15,15,15,15,15,15,15,15
15,11,11,11,11,11,11,11,11,11,11,11,11,15,20,20,20,20,20,20,20,20,20,20,20,20,20,15
15,11,11,11,11,11,11,11,11,11,11,11,11,15,20,20,15,20,20,20,20,20,15,15,15,23,23,15
15,11,11,11,11,15,11,11,11,11,11,11,11,15,20,20,20,20,20,15,30,30,15,11,11,11,11,15
15,11,11,11,11,15,11,11,11,11,11,11,11,15,20,20,20,20,20,15,11,11,15,11,11,11,11,15
15,11,11,11,11,15,15,11,11,11,11,11,11,15,20,20,15,20,20,15,11,11,15,11,11,11,11,15
15,11,11,11,11,2,15,11,11,11,25,15,15,15,20,20,15,20,20,22,11,11,15,11,11,11,11,15
15,15,15,15,15,15,15,15,15,15,20,20,20,20,20,20,28,20,20,22,11,11,15,11,11,11,11,15
15,11,11,11,11,11,11,11,11,15,15,15,15,15,15,25,14,14,20,15,11,11,15,11,11,11,11,15
15,11,11,11,11,11,11,11,11,11,11,11,11,11,11,11,11,24,20,15,25,25,15,15,15,25,25,15
15,11,11,11,11,11,11,11,11,11,11,11,11,11,11,11,11,24,20,20,20,20,20,20,20,20,20,15
15,15,15,15,15,15,15,15,15,15,15,15,15,15,15,15,15,14,15,15,15,15,15,15,15,15,15,15
(1024,512),(1024,512),(-1,-1),(512,352),(512,384),(544,384),(544,352),(512,352),(-1,-1),(544,160),(544,256),(512,256),(512,160),(544,160),(-1,-1),(352,480),(416,480),(416,320),(128,320),(128,256),(160,256),(160,288),(448,288),(448,512),(352,512),(352,480),(-1,-1),(608,480),(608,384),(640,384),(640,480),(608,480),(-1,-1),(512,576),(512,448),(544,448),(544,544),(576,544),(576,576),(512,576),(-1,-1),(800,576),(736,576),(736,384),(800,384),(800,352),(704,352),(704,608),(800,608),(800,576),(-1,-1),(640,544),(608,544),(608,608),(640,608),(640,544),(-1,-1),(288,544),(288,576),(480,576),(480,544),(320,544),(320,512),(224,512),(224,448),(192,448),(192,384),(160,384),(160,512),(32,512),(32,32),(512,32),(512,96),(320,96),(320,160),(224,160),(224,96),(128,96),(128,224),(160,224),(160,160),(192,160),(192,192),(352,192),(352,128),(544,128),(544,32),(864,32),(864,288),(576,288),(576,320),(864,320),(864,640),(32,640),(32,544),(288,544)
(64,608),(304,608),(448,608),(160,592),(768,448),(672,480)
(736,96),(768,160),(608,128),(672,256),(288,64),(64,64)
(224,592),(384,608),(496,560),(496,496),(544,624),(592,624),(672,624),(816,336),(832,480),(768,416),(784,544),(832,624),(736,624),(592,528),(672,576),(672,464),(576,448),(576,352),(368,528),(320,480),(240,368),(80,432),(112,352),(464,48),(368,64),(192,64),(272,96),(80,96),(64,144),(80,224),(144,240),(240,240),(400,240),(416,144),(512,128),(512,288),(480,384),(672,352),(576,256),(576,160),(592,96),(704,256),(688,160),(768,112),(688,64)
0:(256,624),0:(96,576),1:(800,64),1:(672,160),1:(400,64),2:(288,416),2:(96,384),3:(128,64),3:(64,176),4:(672,512),5:(800,448),7:(512,608),7:(32,640),6:(672,32),6:(832,224),8:(800,576),1:(336,368)
