25,25
9,9,9,9,9,9,9,9,9,9,9,9,9,9,9,9,9,9,9,9,9,9,9,9,9
9,9,9,9,9,9,9,9,9,9,9,4,4,4,9,4,4,4,4,4,4,4,4,4,9
9,9,9,9,9,0,1,1,1,1,4,4,4,4,9,4,4,4,4,4,4,4,4,4,9
9,9,9,9,9,3,4,4,4,4,4,4,4,4,9,4,4,9,4,4,4,4,4,4,9
9,9,9,9,9,3,4,9,9,9,9,9,4,4,9,4,4,9,9,9,9,9,4,4,9
9,0,1,1,1,13,4,9,9,9,9,9,4,4,4,4,4,4,4,4,4,4,4,4,9
9,3,4,4,4,4,4,4,4,4,9,9,4,4,4,4,4,4,4,4,4,4,4,4,9
9,3,4,4,4,9,4,4,4,4,9,9,9,9,9,9,9,9,4,4,9,9,9,9,9
9,3,4,9,9,9,9,9,4,4,4,4,9,9,9,9,9,4,4,4,4,9,9,9,9
9,3,4,4,4,9,9,9,4,4,4,4,9,9,9,9,9,4,4,4,4,9,9,9,9
9,3,4,4,9,9,9,9,9,9,4,4,9,9,9,9,9,4,4,4,4,9,9,9,9
9,6,11,4,4,4,4,4,4,4,4,4,9,9,9,9,9,9,4,4,9,9,9,9,9
9,9,3,4,10,7,7,7,7,7,11,4,9,9,9,4,4,4,4,4,4,4,9,9,9
9,9,6,7,8,9,9,9,9,9,3,4,9,9,9,4,4,4,4,4,4,4,9,9,9
9,9,9,9,9,9,9,9,9,9,3,4,9,9,9,4,4,9,9,9,4,4,9,9,9
9,9,9,9,9,9,9,9,9,9,3,4,9,9,9,4,4,9,9,9,4,4,9,9,9
9,9,9,9,9,9,9,9,9,0,13,4,4,4,4,4,4,4,9,9,4,4,9,9,9
9,9,0,1,1,1,1,1,1,13,4,4,4,4,4,4,4,4,9,9,4,4,9,9,9
9,9,6,7,11,4,4,4,4,4,9,4,4,9,4,4,9,4,4,4,4,4,9,9,9
9,9,9,9,3,4,9,9,9,4,4,4,4,4,4,4,4,4,4,4,4,4,9,9,9
9,4,1,1,13,4,4,4,9,4,4,4,4,4,4,4,4,4,9,9,9,9,9,9,9
9,9,4,4,4,4,9,9,9,4,9,4,4,9,4,4,9,4,9,9,9,9,9,9,9
9,4,4,4,4,4,4,4,9,4,4,4,4,4,4,4,4,4,9,9,9,9,9,9,9
9,4,4,4,4,4,9,9,9,4,4,4,4,4,4,4,4,4,9,9,9,9,9,9,9
9,9,9,9,9,9,9,9,9,9,9,9,9,9,9,9,9,9,9,9,9,9,9,9,9
(32,160),(32,384),(64,384),(64,448),(160,448),(160,416),(320,416),(320,512),(288,512),(288,544),(64,544),(64,608),(128,608),(128,640),(32,640),(32,672),(64,672),(64,704),(32,704),(32,768),(192,768),(192,736),(256,736),(256,704),(192,704),(192,672),(256,672),(256,640),(192,640),(192,608),(288,608),(288,768),(576,768),(576,640),(704,640),(704,384),(640,384),(640,352),(672,352),(672,256),(640,256),(640,224),(768,224),(768,32),(480,32),(480,160),(448,160),(448,32),(352,32),(352,64),(160,64),(160,160),(32,160),(-1,-1),(96,256),(96,288),(160,288),(160,320),(128,320),(128,352),(320,352),(320,320),(256,320),(256,256),(192,256),(192,224),(160,224),(160,256),(96,256),(-1,-1),(224,128),(224,192),(320,192),(320,256),(384,256),(384,512),(480,512),(480,384),(576,384),(576,352),(544,352),(544,256),(576,256),(576,224),(384,224),(384,128),(224,128),(-1,-1),(544,96),(544,160),(704,160),(704,128),(576,128),(576,96),(544,96),(-1,-1),(544,448),(544,512),(576,512),(576,576),(640,576),(640,448),(544,448),(-1,-1),(544,576),(544,608),(512,608),(512,576),(544,576),(-1,-1),(448,576),(448,608),(416,608),(416,576),(448,576),(-1,-1),(352,576),(352,608),(320,608),(320,576),(352,576),(-1,-1),(352,672),(352,704),(320,704),(320,672),(352,672),(-1,-1),(448,672),(448,704),(416,704),(416,672),(448,672),(-1,-1),(544,672),(544,704),(512,704),(512,672),(544,672)
(512,64),(576,64),(640,64),(704,64)
(128,672),(80,672),(176,672),(80,720)
(608,64),(736,192),(512,64),(512,432),(608,416),(464,544),(672,448),(560,624),(544,544),(736,64),(656,592),(608,192),(560,736),(368,544),(384,736),(384,640),(480,640),(304,576),(304,640),(176,592),(160,704),(352,368),(352,304),(240,224),(112,384),(64,208),(192,176),(208,96),(416,96),(416,192),(512,192)
0:(512,64),1:(544,64),2:(576,64),3:(640,64),4:(672,64),5:(704,64),0:(80,672),1:(128,672),2:(176,672),3:(176,720),4:(128,720),5:(80,720),5:(512,96),4:(512,128),3:(512,160),2:(640,96),1:(688,96),0:(736,96),5:(240,656),4:(48,656),3:(48,752),2:(240,720),1:(96,576),0:(176,624)
