tiles {
15,16,2,2,2,2,2,2,2,2,2,2,2,2,2,2,2,2,2,2,2,2,2,2,2,2,2,2,2,2
2,1,1,1,1,1,1,1,3,3,13,13,3,3,3,3,3,3,13,3,3,3,3,3,13,3,3,3,3,2
2,1,4,4,1,4,4,1,3,3,3,3,3,3,13,13,3,3,3,3,3,3,13,3,3,3,13,3,3,2
2,1,1,1,1,1,1,1,2,2,2,2,2,2,2,2,2,2,2,2,2,2,2,2,2,2,13,13,3,2
2,1,4,4,1,4,4,1,2,1,1,17,1,1,1,1,1,1,1,1,1,1,1,1,1,2,3,3,3,2
2,1,1,1,1,1,1,1,2,1,17,17,1,1,1,1,17,0,0,0,0,0,0,0,1,2,3,3,3,2
2,3,3,13,2,1,1,2,2,1,1,1,1,17,0,0,0,0,1,17,17,1,1,0,1,2,3,13,3,2
2,3,3,13,2,1,1,1,1,1,1,1,1,17,0,17,17,1,1,1,1,1,1,4,1,1,3,3,3,2
2,13,3,3,2,1,1,1,1,1,1,17,17,17,0,17,17,1,1,1,1,1,1,4,1,1,3,3,3,2
2,3,3,3,2,1,0,4,4,0,0,0,0,0,0,1,1,1,17,17,1,1,1,0,1,2,3,3,13,2
2,13,13,3,2,1,0,1,1,17,1,1,1,17,1,1,1,1,1,1,1,1,1,0,1,2,3,3,3,2
2,3,3,3,2,17,0,1,1,17,1,1,1,17,1,1,17,1,1,1,1,1,1,0,17,2,13,3,3,2
2,13,3,3,2,17,0,1,1,1,1,1,1,1,1,1,17,1,1,1,1,17,1,0,17,2,3,3,13,2
2,3,3,13,2,1,0,1,1,1,1,1,17,17,1,1,1,1,1,1,1,17,1,0,1,2,3,3,3,2
2,3,3,3,2,1,0,17,1,1,1,1,1,1,1,1,1,1,1,1,1,1,1,0,1,2,3,13,3,2
2,13,3,3,2,1,0,17,1,17,17,1,1,0,0,0,0,0,0,0,0,4,4,0,1,2,3,13,3,2
2,3,3,3,1,1,4,1,1,1,1,1,17,0,17,17,17,1,1,1,1,1,1,1,1,2,3,3,3,2
2,13,13,3,1,1,4,1,1,1,17,17,17,0,17,1,1,1,1,1,1,1,1,1,1,2,13,3,3,2
2,13,3,3,2,1,0,0,0,0,0,0,0,0,1,1,1,1,17,17,1,2,2,1,1,2,3,3,13,2
2,3,3,3,2,1,1,1,1,1,1,1,1,1,1,1,1,1,17,1,1,2,1,1,1,1,1,1,1,2
2,3,13,3,2,2,2,2,2,2,2,2,2,2,2,2,2,2,2,2,2,2,1,4,4,1,4,4,1,2
2,3,13,3,3,3,3,3,3,3,13,3,13,3,3,3,3,3,13,13,2,2,1,1,1,1,1,1,1,2
2,3,3,3,3,3,3,13,13,3,3,3,13,3,3,3,3,3,3,3,13,3,1,4,4,1,4,4,1,2
2,3,3,3,3,13,3,3,3,3,3,3,3,3,3,3,13,3,3,3,3,3,1,1,1,1,1,1,1,2
2,2,2,2,2,2,2,2,2,2,2,2,2,2,2,2,2,2,2,2,2,2,2,2,2,2,2,2,15,16
}

collision {
(736,576),(672,576),(672,640),(608,640),(608,608),(640,608),(640,576),(576,576),(576,640),(160,640),(160,576),(128,576),(128,672),(320,672),(320,704),(352,704),(352,672),(384,672),(384,736),(416,736),(416,672),(576,672),(576,704),(640,704),(640,736),(672,736),(672,704),(704,704),(704,608),(736,608),(736,576)
(160,512),(160,416),(192,416),(192,352),(160,352),(160,192),(96,192),(96,256),(128,256),(128,416),(96,416),(96,448),(128,448),(128,512),(160,512)
(256,192),(256,96),(448,96),(448,64),(512,64),(512,96),(704,96),(704,64),(736,64),(736,96),(800,96),(800,192),(800,128),(384,128),(384,192),(320,192),(320,160),(352,160),(352,128),(288,128),(288,224),(224,224),(224,192),(256,192)
(832,288),(832,352),(864,352),(864,384),(832,384),(832,544),(864,544),(864,576),(832,576),(832,608),(800,608),(800,416),(768,416),(768,352),(768,352),(768,352),(800,352),(800,288),(832,288)
(800,32),(800,64),(768,64),(768,32),(608,32),(608,64),(576,64),(576,32),(384,32),(384,64),(320,64),(320,32),(32,32),(32,256),(64,256),(64,288),(32,288),(32,320),(96,320),(96,352),(32,352),(32,384),(64,384),(64,416),(32,416),(32,480),(64,480),(64,512),(32,512),(32,544),(96,544),(96,576),(64,576),(64,608),(32,608),(32,768),(160,768),(160,736),(192,736),(192,768),(512,768),(512,736),(544,736),(544,768),(928,768),(928,608),(896,608),(896,576),(928,576),(928,416),(896,416),(896,384),(928,384),(928,320),(896,320),(896,288),(928,288),(928,32),(800,32)
(544,160),(544,192),(512,192),(512,160),(544,160)
(672,192),(672,224),(608,224),(608,192),(672,192)
(640,288),(640,320),(576,320),(576,288),(640,288)
(704,384),(704,448),(672,448),(672,384),(704,384)
(544,352),(544,416),(512,416),(512,352),(544,352)
(448,320),(448,384),(416,384),(416,320),(448,320)
(320,320),(320,384),(288,384),(288,320),(320,320)
(224,512),(256,512),(256,448),(224,448),(224,512)
(352,512),(352,480),(288,480),(288,512),(352,512)
(384,544),(384,512),(416,512),(416,576),(320,576),(320,544),(384,544)
(448,448),(448,416),(384,416),(384,448),(448,448)
(448,192),(448,288),(352,288),(352,256),(416,256),(416,192),(448,192)
(544,224),(544,288),(480,288),(480,224),(544,224)
(544,512),(544,544),(480,544),(480,576),(448,576),(448,512),(544,512)
(864,64),(864,96),(896,96),(896,128),(832,128),(832,64),(864,64)
(864,192),(896,192),(896,224),(864,224),(864,192)
(896,448),(896,512),(864,512),(864,448),(896,448)
(96,704),(64,704),(64,640),(96,640),(96,704)
(224,736),(288,736),(288,704),(224,704),(224,736)
(800,192),(832,192),(800,96),(832,96),(800,192)
(800,96),(800,192),(832,192),(832,96),(800,96)
(832,192),(832,224),(800,224),(800,192),(832,192)
(832,96),(832,224),(800,224),(800,96),(832,96)
}

collisionPeople {
(736,192),(736,160),(544,160),(544,192),(448,192),(448,288),(288,288),(288,320),(480,320),(480,224),(576,224),(576,192),(704,192),(704,192),(736,192)
(224,512),(192,512),(192,288),(224,288),(224,512)
(416,576),(416,480),(640,480),(640,512),(448,512),(448,608),(192,608),(192,576),(416,576)
(736,160),(768,160),(768,224),(736,224),(736,192),(736,160)
(736,224),(736,224)
(736,288),(736,512),(768,512),(768,288),(736,288)
(640,480),(672,480),(672,512),(640,512),(640,480)
}

spawns {
(1,64,64);(1,112,64);(1,160,64);(1,208,64);(1,64,112);(1,112,112);(1,176,112);(1,208,112);(1,112,160);(1,160,160);(0,736,736);(0,784,736);(0,848,736);(0,896,736);(0,736,688);(0,784,688);(0,848,688);(0,896,688);(0,848,640);(0,784,640);(1,208,160);(1,64,160);(0,896,640);(0,736,640)
}

waypoints {
(880,400);(752,544);(608,400);(736,256);(896,64);(544,80);(816,704);(144,128);(80,368);(176,544);(64,736);(384,752);(256,272);(320,448);(496,592);(416,176)
}

guns {
(9,896,688);(9,848,640);(9,784,640);(9,848,688);(9,784,688);(9,736,688);(9,736,736);(9,784,736);(9,848,736);(9,896,736);(10,160,160);(10,112,160);(10,112,112);(10,64,112);(10,64,64);(10,112,64);(10,160,64);(10,176,112);(10,208,112);(10,208,64);(10,208,160);(10,64,160);(9,896,640);(9,736,640);(26,480,384);(26,896,64);(26,64,736);(25,480,416);(25,480,352);(27,608,384);(27,320,416);(14,896,64);(15,64,736);(16,672,352);(16,288,448);(23,480,384);(23,480,384);(17,544,608);(18,352,224)
}
