tiles {
2,2,2,2,2,2,2,2,2,2,2,2,2,2,2,2,2,2
2,2,2,2,2,2,2,2,2,2,2,2,2,2,2,2,2,2
2,2,1,1,1,1,1,1,1,1,2,1,1,1,1,1,2,2
2,2,1,1,2,1,1,1,1,1,2,2,1,2,2,2,2,2
2,2,2,2,2,1,2,2,1,1,1,1,1,2,1,1,2,2
2,2,1,1,1,1,1,2,1,1,1,1,1,1,1,1,2,2
2,2,2,2,2,2,2,2,2,2,2,2,2,2,2,2,2,2
2,2,2,2,2,2,2,2,2,2,2,2,2,2,2,2,2,2
}

collision {
(320,64),(320,128),(384,128),(384,96),(352,96),(352,64),(512,64),(512,96),(416,96),(416,160),(448,160),(448,128),(512,128),(512,192),(256,192),(256,128),(192,128),(192,160),(224,160),(224,192),(64,192),(64,160),(160,160),(160,96),(128,96),(128,128),(64,128),(64,64),(320,64)
(32,32),(544,32),(544,224),(32,224),(32,32)
(0,256),(576,256),(576,0),(0,0),(0,256)
}

spawns {
(1,96,96);(1,96,176);(1,144,176);(1,192,176);(1,176,128);(1,144,80);(1,224,80);(1,256,112);(0,480,160);(0,384,80);(0,432,80);(0,480,80);(0,400,128);(0,320,144);(0,352,176);(0,432,176);(0,368,144);(1,192,96)
}

waypoints {
(288,128)
}

guns {
}
