67 particle_trail 0 255 204 225 10.0 1.0
65 beam 255 165 0 225 0.0 1.0
31 pulse 51 255 204 225 0.0 1.0
1 line 255 165 0 225 0.0 1.0
68 line 255 165 0 225 0.0 1.0
17 line 255 165 0 225 0.0 1.0
38 line 255 165 0 225 0.0 1.0
36 line 255 165 0 225 0.0 1.0
37 line 255 165 0 225 0.0 1.0
39 streak 204 0 204 225 0.0 1.0
40 slug 255 165 0 225 0.0 2.0
41 plasma 51 255 102 225 0.0 1.0
42 comet 102 255 204 225 0.0 1.0
43 gauss 255 255 255 225 1000.0 1.0
44 gauss 255 108 0 225 0.0 1.0
45 heat_ray 249 235 132 225 0.1 1.5
