tiles {
2,2,2,2,2,2,2,2,2,2,2,2,21,21,21,21,2,2,2,2,2,2,2,2,2,2,2,2
2,2,2,2,2,2,2,2,2,2,2,2,21,21,21,21,2,2,2,2,2,2,2,2,2,2,2,2
2,2,2,2,2,2,2,2,2,2,2,2,21,21,21,21,2,2,2,2,2,2,2,2,2,2,2,2
2,2,2,2,2,2,2,2,2,2,2,2,21,21,21,21,2,2,2,2,2,2,2,2,2,2,2,2
2,2,2,2,2,2,2,2,2,2,2,2,2,2,2,2,2,2,2,2,2,2,2,2,2,2,2,2
2,2,2,2,2,2,2,2,2,2,2,2,2,2,2,2,2,2,2,2,2,2,2,2,2,2,2,2
2,2,2,2,2,2,2,2,2,2,2,2,2,2,2,2,2,2,2,2,2,2,2,2,2,2,2,2
2,2,2,2,2,2,2,2,2,2,2,2,2,2,2,2,2,2,2,2,2,2,2,2,2,2,2,2
2,2,21,21,3,3,3,3,3,3,3,3,2,2,2,2,3,3,3,3,3,3,3,3,21,21,2,2
2,2,21,21,3,3,3,3,3,3,3,3,2,2,2,2,3,3,3,3,3,3,3,3,21,21,2,2
2,2,2,2,3,3,3,3,3,3,3,3,2,2,2,2,3,3,3,3,3,3,3,3,2,2,2,2
2,2,2,2,3,3,3,3,3,3,3,3,2,2,2,2,3,3,3,3,3,3,3,3,2,2,2,2
2,2,2,2,3,3,3,3,3,3,3,3,2,2,2,2,3,3,3,3,3,3,3,3,2,2,2,2
2,2,2,2,3,3,3,3,3,3,3,3,2,2,2,2,3,3,3,3,3,3,3,3,2,2,2,2
2,2,2,2,3,3,3,3,3,3,3,3,2,2,2,2,3,3,3,3,3,3,3,3,2,2,2,2
2,2,2,2,3,3,3,3,3,3,3,3,2,2,2,2,3,3,3,3,3,3,3,3,2,2,2,2
21,21,2,2,2,2,2,2,2,2,2,2,2,2,2,2,2,2,2,2,2,2,2,2,2,2,21,21
21,21,2,2,2,2,2,2,2,2,2,2,2,2,2,2,2,2,2,2,2,2,2,2,2,2,21,21
21,21,2,2,2,2,2,2,2,2,2,2,2,2,2,2,2,2,2,2,2,2,2,2,2,2,21,21
21,21,2,2,2,2,2,2,2,2,2,2,2,2,2,2,2,2,2,2,2,2,2,2,2,2,21,21
2,2,2,2,3,3,3,3,3,3,3,3,2,2,2,2,3,3,3,3,3,3,3,3,2,2,2,2
2,2,2,2,3,3,3,3,3,3,3,3,2,2,2,2,3,3,3,3,3,3,3,3,2,2,2,2
2,2,2,2,3,3,3,3,3,3,3,3,2,2,2,2,3,3,3,3,3,3,3,3,2,2,2,2
2,2,2,2,3,3,3,3,3,3,3,3,2,2,2,2,3,3,3,3,3,3,3,3,2,2,2,2
2,2,2,2,3,3,3,3,3,3,3,3,2,2,2,2,3,3,3,3,3,3,3,3,2,2,2,2
2,2,2,2,3,3,3,3,3,3,3,3,2,2,2,2,3,3,3,3,3,3,3,3,2,2,2,2
2,2,21,21,3,3,3,3,3,3,3,3,2,2,2,2,3,3,3,3,3,3,3,3,21,21,2,2
2,2,21,21,3,3,3,3,3,3,3,3,2,2,2,2,3,3,3,3,3,3,3,3,21,21,2,2
2,2,2,2,2,2,2,2,2,2,2,2,2,2,2,2,2,2,2,2,2,2,2,2,2,2,2,2
2,2,2,2,2,2,2,2,2,2,2,2,2,2,2,2,2,2,2,2,2,2,2,2,2,2,2,2
2,2,2,2,2,2,2,2,2,2,2,2,2,2,2,2,2,2,2,2,2,2,2,2,2,2,2,2
2,2,2,2,2,2,2,2,2,2,2,2,2,2,2,2,2,2,2,2,2,2,2,2,2,2,2,2
2,2,2,2,2,2,2,2,2,2,2,2,21,21,21,21,2,2,2,2,2,2,2,2,2,2,2,2
2,2,2,2,2,2,2,2,2,2,2,2,21,21,21,21,2,2,2,2,2,2,2,2,2,2,2,2
2,2,2,2,2,2,2,2,2,2,2,2,21,21,21,21,2,2,2,2,2,2,2,2,2,2,2,2
2,2,2,2,2,2,2,2,2,2,2,2,21,21,21,21,2,2,2,2,2,2,2,2,2,2,2,2
}

collision {
(896,0),(896,0)
(896,512),(832,512),(832,640),(896,640),(896,512)
(384,0),(384,128),(512,128),(512,0),(384,0)
(0,640),(64,640),(64,512),(0,512),(0,640)
(512,1152),(512,1024),(384,1024),(384,1152),(512,1152)
(512,640),(768,640),(768,832),(832,832),(832,896),(512,896),(512,640)
(64,832),(128,832),(128,640),(384,640),(384,896),(64,896),(64,832)
(64,256),(384,256),(384,512),(128,512),(128,320),(64,320),(64,256)
(512,512),(768,512),(768,320),(832,320),(832,256),(512,256),(512,512)
}

collisionPeople {
(896,1152),(0,1152),(0,0),(896,0),(896,512),(896,1152)
}

buyzones {
(0,64,0,832,256)
(1,64,896,832,1152)
}

spawns {
(1,544,928);(1,672,928);(1,608,928);(1,736,928);(1,544,992);(1,608,992);(1,672,992);(1,736,992);(1,352,928);(1,352,992);(1,288,992);(1,288,928);(1,224,928);(1,224,992);(1,160,928);(1,160,992);(1,96,928);(1,800,928);(0,736,224);(0,672,224);(0,608,224);(0,544,224);(0,352,224);(0,288,224);(0,224,224);(0,160,224);(0,160,160);(0,224,160);(0,288,160);(0,352,160);(0,544,160);(0,608,160);(0,672,160);(0,736,160)
}

waypoints {
(448,192);(448,256);(448,320);(448,448);(448,576);(352,576);(256,576);(160,576);(96,576);(544,576);(640,576);(736,576);(800,576);(800,192);(864,192);(864,256);(864,320);(832,384);(800,448);(800,512);(800,640);(832,704);(864,768);(864,832);(864,928);(800,992);(96,992);(32,928);(32,832);(32,768);(64,704);(96,640);(448,640);(448,704);(448,768);(448,832);(448,896);(448,960);(448,384);(448,512);(96,512);(64,448);(32,384);(32,320);(32,256);(32,192);(96,192)
}

guns {
(26,448,576);(26,448,576);(26,448,576);(26,448,576);(26,448,576);(26,448,576);(26,448,576);(26,448,576);(26,448,576);(26,448,576);(26,448,576);(26,160,224);(26,160,224);(26,224,224);(26,224,224);(26,288,224);(26,288,224);(26,352,224);(26,352,224);(26,352,160);(26,352,160);(26,288,160);(26,288,160);(26,224,160);(26,224,160);(26,160,160);(26,160,160);(26,544,160);(26,544,160);(26,608,160);(26,608,160);(26,672,160);(26,672,160);(26,736,160);(26,736,160);(26,544,224);(26,544,224);(26,608,224);(26,608,224);(26,672,224);(26,672,224);(26,736,224);(26,736,224);(26,544,928);(26,544,928);(26,608,928);(26,608,928);(26,672,928);(26,672,928);(26,736,928);(26,736,928);(26,800,928);(26,800,928);(26,736,992);(26,736,992);(26,672,992);(26,672,992);(26,608,992);(26,608,992);(26,544,992);(26,544,992);(26,352,992);(26,352,992);(26,288,992);(26,288,992);(26,352,928);(26,352,928);(26,352,928);(26,288,928);(26,288,928);(26,224,928);(26,224,928);(26,224,992);(26,224,992);(26,160,992);(26,160,992);(26,160,928);(26,160,928);(26,96,928);(26,96,928)
}
