tiles {
137,137,137,132,132,132,132,132,132,132,132,132,132,132,132,132,132,30,137,137
137,137,31,132,136,136,136,136,136,136,136,136,136,136,136,136,132,30,137,137
137,137,137,132,136,136,136,46,136,136,136,66,136,136,136,136,132,132,137,137
137,137,31,132,136,136,46,136,136,66,46,136,136,136,136,136,136,132,137,137
137,137,137,132,46,136,136,136,136,136,136,136,136,143,136,136,136,132,137,137
137,31,137,132,136,66,136,136,66,136,66,136,66,136,143,136,136,132,137,137
137,132,132,132,136,136,66,136,136,136,136,66,136,136,136,143,136,132,137,137
137,132,133,133,84,85,161,161,161,161,161,79,86,87,88,16,143,141,137,137
137,132,16,16,16,16,16,6,16,16,16,75,16,16,16,16,16,143,137,137
137,132,16,16,16,16,16,16,71,72,16,75,16,16,5,16,16,16,143,137
132,132,16,16,27,16,16,16,73,74,16,75,16,16,16,16,16,16,66,143
16,16,16,16,26,16,16,16,7,8,9,16,16,7,8,9,16,16,16,66
5,16,16,46,25,16,66,16,16,16,101,5,16,16,16,16,16,46,16,16
29,29,29,29,29,29,29,66,29,29,29,29,29,29,29,29,29,29,29,29
17,18,17,18,17,18,17,18,17,18,27,18,17,18,46,7,8,9,17,18
132,133,133,132,133,133,132,132,18,17,26,17,18,17,18,17,18,17,18,17
29,29,29,29,29,29,29,133,29,29,25,29,29,29,29,29,29,29,29,29
46,66,46,66,66,66,46,132,16,16,16,101,101,3,16,16,16,27,16,16
46,66,66,46,46,66,66,137,16,6,16,101,101,3,16,71,72,26,16,16
37,38,39,66,46,46,46,137,16,16,37,38,39,44,45,73,74,25,60,101
}

collision {
(256,480),(256,480),(256,480),(256,480),(256,576),(256,576),(256,576),(256,576),(256,576),(256,576),(256,480)
(256,480),(256,480)
(256,480),(256,480),(256,480),(256,480),(256,480),(256,480)
(0,480),(0,480)
(0,480),(256,480),(0,480)
(224,512),(224,576),(224,576),(224,512)
(224,512),(0,512),(224,512)
(416,544),(416,608),(416,544)
(448,544),(416,544),(448,544)
(448,544),(448,608),(448,544)
(416,608),(416,608),(448,608),(416,608)
(320,608),(320,640),(320,608)
(416,608),(320,608),(416,608)
(416,640),(416,608),(416,640)
(544,544),(544,640),(544,544)
(576,544),(544,544),(576,544)
(576,640),(576,544),(576,640)
(640,0),(640,640),(640,0)
(640,640),(640,640)
(0,640),(608,640),(608,640),(608,640),(640,640),(0,640)
(0,0),(0,0),(0,640),(0,0),(0,0)
(0,0),(0,0),(0,0),(0,0),(32,0),(0,640),(0,0)
(64,352),(64,352),(0,352),(64,352)
(64,256),(64,352),(64,256)
(192,256),(64,256),(192,256)
(480,256),(352,256),(480,256)
(480,224),(480,256),(480,224)
(512,224),(512,224),(480,224),(512,224)
(512,256),(512,256),(512,224),(512,256)
(544,256),(512,256),(544,256)
(544,288),(544,256),(544,288)
(576,320),(576,320),(576,288),(544,288),(576,320)
(608,320),(576,320),(608,320)
(608,352),(608,320),(608,352)
(640,352),(608,352),(640,352)
(512,352),(512,352),(416,352),(512,352)
(512,384),(512,352),(512,384)
(416,384),(512,384),(416,384)
(416,384),(416,352),(416,384)
(352,384),(352,352),(352,384)
(352,384),(256,384),(352,384)
(352,352),(256,352),(352,352)
(256,384),(256,352),(256,384)
(160,320),(128,320),(160,320)
(160,416),(160,320),(160,416)
(160,416),(128,416),(160,416)
(128,320),(128,416),(128,320)
(352,448),(320,448),(352,448)
(352,448),(352,544),(352,448)
(352,544),(320,544),(320,544),(352,544)
(320,544),(320,448),(320,544)
(576,448),(480,448),(576,448)
(576,480),(576,448),(576,480)
(480,480),(480,480),(576,480),(480,480)
(480,480),(480,448),(480,480)
(448,160),(448,128),(448,160)
(480,160),(480,160),(448,160),(448,160),(480,160)
(480,192),(480,192),(480,160),(480,192)
(480,192),(512,192),(480,192)
(512,224),(512,192),(512,224)
(544,224),(544,224),(512,224),(544,224)
(544,96),(544,224),(544,96)
(544,96),(512,96),(544,96)
(512,32),(512,96),(512,32)
(128,32),(128,32),(512,32),(128,32)
(128,32),(128,224),(128,32)
(192,224),(128,224),(192,224)
(192,256),(192,224),(192,256)
(480,224),(352,224),(480,224)
(96,608),(0,608),(96,608)
(96,640),(96,608),(96,640)
(96,640),(96,640),(96,640)
(224,288),(256,288),(256,256),(224,256),(224,288)
(288,352),(288,352),(288,352)
(448,160),(448,128),(448,128),(416,128),(416,160),(448,160)
(480,192),(448,192),(448,160),(480,192)
}

buyzones {
(0,96,320,640,640)
(0,288,608,288,608)
(1,128,32,544,224)
}

spawns {
(0,608,608);(0,608,544);(0,512,608);(0,480,576);(0,544,512);(0,544,512);(0,480,512);(0,352,576);(0,288,416);(0,288,416);(0,480,416);(0,448,416);(0,288,544);(0,320,416);(0,320,416);(0,96,352);(0,96,384);(0,96,384);(1,160,64);(1,160,64);(1,224,64);(1,224,64);(1,288,64);(1,320,64);(1,288,192);(1,192,128);(1,384,192);(1,352,192);(1,160,192);(1,160,192);(1,160,128);(1,160,128);(1,320,128);(1,256,128);(1,384,96);(1,448,96);(0,288,96);(1,480,64);(1,480,96);(1,480,160);(1,512,160);(1,512,128);(1,448,128);(1,480,128);(1,288,160);(1,256,160);(1,256,192);(1,256,224);(1,320,192);(1,320,192);(1,320,224);(1,128,96);(1,416,320);(1,448,288);(1,512,288);(1,512,320);(1,192,288);(1,192,288);(1,192,320);(1,224,352);(1,192,352);(1,384,320);(1,384,320);(1,384,288);(1,384,288);(1,288,288);(1,288,288);(1,128,224);(1,384,96);(1,384,160);(1,416,192);(1,416,192);(1,352,128)
}

waypoints {
(608,576);(608,576);(608,544);(608,512);(576,512);(480,544);(512,576);(512,544);(512,512);(448,512);(448,512);(480,512);(416,512);(384,512);(384,480);(384,448);(384,416);(352,416);(352,416);(352,384);(384,384);(384,352);(384,320);(352,320);(352,320);(320,320);(288,320);(288,288);(288,256);(288,224);(288,192);(288,192);(224,192);(256,192);(288,192);(320,192);(320,192);(384,192);(384,192);(352,128);(352,128);(352,96);(256,64);(192,96);(160,128);(224,160);(256,128);(96,320);(128,320);(160,320);(192,320);(224,320);(224,320);(256,288);(288,288);(256,256);(288,192);(288,192);(288,512);(288,480);(288,448);(288,416);(288,416);(256,416);(224,384);(256,320);(256,224);(352,576);(384,544);(448,416);(416,416);(96,352);(96,384);(416,128);(448,64);(416,64);(384,64);(384,64);(320,96);(320,128);(352,128)
}

guns {
(8,608,544);(8,608,608);(8,544,512);(8,480,512);(8,480,416);(8,448,416);(8,288,544);(8,288,544);(8,352,576);(8,480,576);(8,512,608);(8,96,384);(8,96,352);(8,96,352);(17,32,608);(22,128,608);(24,64,576);(26,160,576);(19,128,576);(10,416,160);(10,352,128);(10,224,128);(10,224,192);(10,224,192);(10,320,192)
}
