tiles {
2,2,2,3,4,5,2,2,2,2,2,2,2,2,2,2,2,2,2,2,2,2,2,2,2,2,2,2,2,64,16,16,16,65,2,2,2,2,2,2,2,2
2,2,56,6,0,8,4,4,4,61,2,76,77,78,79,80,2,2,57,55,55,55,55,55,55,54,2,2,64,18,74,74,1,20,65,2,2,2,2,2,2,2
2,60,6,0,0,0,0,0,0,8,61,81,82,83,84,85,2,57,55,55,55,55,55,55,55,55,54,2,21,32,74,74,1,23,26,2,104,105,106,2,2,2
2,9,0,0,0,0,0,0,29,113,11,86,87,88,89,90,57,55,55,55,59,2,2,2,58,55,55,64,18,1,1,1,23,26,2,2,2,2,2,2,2,2
2,9,0,0,0,0,0,0,0,0,11,91,92,93,94,95,55,55,55,59,57,55,55,55,54,16,16,18,1,1,1,23,26,2,2,2,2,2,2,2,2,2
2,63,14,13,12,14,14,13,0,12,62,96,97,98,99,100,55,55,73,2,55,55,55,55,55,1,1,1,1,1,23,26,2,2,2,2,2,2,2,2,2,2
2,51,42,75,75,41,51,9,0,11,2,57,55,73,73,55,55,55,55,55,55,55,55,55,55,38,38,38,108,111,107,2,2,2,2,3,4,4,4,5,2,2
2,64,1,1,1,1,37,9,0,11,55,55,55,73,73,55,55,55,55,55,55,55,55,55,59,60,4,4,6,0,11,2,2,2,3,6,72,72,0,8,5,2
2,21,1,1,1,73,37,9,0,11,55,55,55,55,55,55,55,55,59,2,2,58,55,55,2,6,117,118,119,0,11,2,2,2,9,0,72,72,0,0,11,2
2,21,74,32,1,1,37,9,0,11,55,55,55,55,55,55,55,55,2,2,2,2,55,55,2,120,121,122,123,0,8,4,4,4,6,0,0,0,0,0,11,2
2,67,24,1,1,1,56,63,13,11,55,55,55,55,55,55,55,55,2,2,2,2,55,55,2,124,125,126,0,0,12,14,14,14,13,0,0,0,0,0,11,2
2,2,67,56,19,19,70,42,63,62,2,55,55,55,55,55,55,55,54,2,2,57,55,55,2,128,129,0,0,0,11,2,2,2,63,13,0,0,0,0,11,2
2,2,2,2,55,55,2,2,55,55,2,55,55,55,55,55,55,55,55,73,55,55,55,55,2,56,9,12,14,14,62,2,2,2,2,9,0,0,31,74,11,2
2,2,2,2,55,55,2,57,55,59,2,55,55,55,55,55,112,55,55,55,55,55,55,55,2,60,6,8,5,2,2,2,2,2,2,7,13,12,14,14,62,2
2,2,2,2,55,55,57,55,59,2,2,60,4,4,61,2,2,58,55,55,55,55,59,2,2,6,0,0,8,5,2,2,2,2,2,2,9,11,2,2,2,2
2,2,2,2,55,55,55,59,2,2,60,6,0,0,11,2,2,2,58,55,55,59,2,2,2,109,0,0,0,110,65,2,2,2,2,2,9,11,2,2,2,2
2,2,2,2,55,55,59,2,2,2,74,0,0,0,11,2,2,2,2,2,2,2,2,2,15,18,1,1,1,1,20,2,2,2,2,2,9,11,2,2,2,2
2,2,2,2,55,55,54,2,2,2,9,0,0,0,8,4,4,4,4,4,4,115,64,16,18,1,1,1,1,1,1,2,2,2,2,2,9,11,2,2,2,2
2,2,2,2,58,55,55,55,55,55,9,0,0,0,0,0,0,29,0,113,0,116,21,1,1,1,34,1,1,35,102,8,4,5,2,2,9,11,2,2,2,2
2,2,2,2,2,58,55,55,55,55,9,0,0,0,0,0,0,0,0,0,0,116,21,1,1,1,1,1,1,1,0,0,0,8,4,4,6,11,2,2,2,2
2,2,2,2,2,2,2,2,2,2,9,0,0,0,0,0,0,0,0,0,0,116,21,1,1,130,131,132,133,134,109,14,14,13,0,0,0,11,2,2,2,2
2,2,2,2,2,2,2,2,2,2,63,13,0,72,72,0,0,0,0,113,0,116,21,1,1,135,136,137,138,139,22,2,2,7,14,14,14,56,2,2,2,2
2,2,2,2,2,2,2,2,2,2,2,63,14,72,72,14,14,14,14,14,14,114,21,1,36,140,141,142,143,144,22,2,2,2,2,2,2,2,2,2,2,2
2,2,2,2,2,2,2,2,2,2,2,2,76,77,78,79,80,2,2,2,2,2,25,24,1,145,146,147,148,149,22,2,2,2,2,2,2,2,2,2,2,2
2,2,2,2,2,2,2,2,2,2,2,2,81,82,83,84,85,2,2,2,2,2,2,25,24,150,151,152,153,154,22,2,2,2,2,2,2,2,2,2,2,2
2,2,2,2,2,2,2,2,2,2,2,2,86,87,88,89,90,2,2,2,2,2,2,2,25,24,1,1,1,23,66,2,2,2,2,2,2,2,2,2,2,2
2,2,2,2,2,2,2,2,2,2,2,2,91,92,93,94,95,2,2,2,2,2,2,2,2,25,19,19,19,66,2,2,2,2,2,2,2,2,2,2,2,2
2,2,2,2,2,2,2,2,2,2,2,2,96,97,98,99,100,2,2,2,2,2,2,2,2,2,2,2,2,2,2,2,2,2,2,2,2,2,2,2,2,2
}

collision {
(160,0),(192,32),(320,32),(320,64),(352,64),(352,192),(320,192),(320,224),(352,224),(384,192),(416,192),(416,256),(480,256),(480,192),(512,192),(512,128),(608,32),(800,32),(864,96),(896,96),(896,32),(928,32),(928,0),(1088,0),(1088,32),(1120,32),(1120,64),(992,192),(992,288),(1088,288),(1088,256),(1152,192),(1248,192),(1312,256),(1312,448),(1216,448),(1216,672),(1184,672),(1184,704),(1088,704),(1056,672),(992,672),(992,832),(960,832),(960,864),(832,864),(704,736),(480,736),(480,672),(416,672),(416,736),(352,736),(352,704),(320,704),(320,640),(192,640),(128,576),(128,352),(96,352),(96,384),(64,384),(64,352),(32,352),(32,224),(64,224),(64,192),(32,192),(32,64),(64,64),(96,64),(96,32),(128,0),(160,0)
(224,192),(224,224),(192,224),(192,192),(224,192)
(192,256),(192,288),(160,288),(160,256),(192,256)
(96,288),(96,320),(64,320),(64,288),(96,288)
(224,320),(224,352),(192,352),(192,320),(224,320)
(320,512),(320,544),(352,544),(352,512),(320,512)
(256,416),(256,384),(192,384),(192,480),(256,416)
(320,416),(192,544),(224,576),(320,576),(320,480),(352,480),(352,352),(320,352),(320,416)
(608,384),(608,416),(640,416),(640,384),(672,384),(704,352),(704,288),(672,256),(608,256),(576,288),(576,352),(608,384)
(544,448),(608,512),(672,512),(736,448),(768,448),(768,256),(800,224),(800,512),(768,544),(480,544),(480,448),(544,448)
(768,128),(672,128),(640,160),(640,192),(576,192),(576,160),(608,160),(672,96),(768,96),(800,128),(800,160),(768,128)
(1024,32),(1024,96),(960,96),(960,32),(1024,32)
(800,416),(832,416),(832,384),(800,384),(800,416)
(1216,224),(1216,288),(1152,288),(1152,224),(1216,224)
(1280,384),(1280,416),(1248,416),(1248,384),(1280,384)
(992,416),(896,416),(960,480),(992,480),(992,576),(1056,576),(1088,608),(1152,608),(1152,448),(1120,416),(1120,384),(1088,384),(1088,352),(992,352),(992,416)
(857,343),(908,307),(878,269),(832,303),(857,343)
(886,697),(886,698),(891,702),(892,704),(895,708),(894,714),(893,723),(892,729),(888,734),(878,738),(867,737),(865,736),(861,732),(860,731),(856,725),(856,720),(856,714),(858,706),(862,703),(873,696),(880,695),(886,697)
}

collisionPeople {
(64,196),(92,196),(92,224),(96,224),(96,192),(64,192),(64,196)
(160,224),(160,192),(192,192),(192,196),(164,196),(164,224),(160,224)
(220,224),(220,320),(224,320),(224,224),(220,224)
(224,356),(252,356),(252,384),(256,384),(256,352),(224,352),(224,356)
(800,220),(896,220),(896,224),(800,224),(800,220)
(268,127),(287,117),(278,100),(259,108),(268,127)
(556,609),(573,596),(564,576),(548,584),(556,609)
(1243,393),(1237,413),(1216,401),(1225,387),(1243,393)
(785,712),(785,713),(788,716),(789,717),(791,718),(794,721),(794,725),(793,728),(787,730),(785,729),(783,725),(780,719),(776,718),(775,711),(778,707),(783,707),(785,712)
(856,583),(856,587),(855,589),(852,592),(850,594),(850,595),(850,602),(847,603),(843,604),(841,603),(840,601),(837,598),(837,595),(838,595),(843,593),(843,589),(846,584),(853,582),(856,583)
(953,584),(952,586),(948,590),(947,590),(947,594),(947,599),(943,602),(942,602),(938,599),(937,592),(936,590),(940,587),(941,584),(940,581),(942,579),(950,580),(953,584)
(512,448),(544,448),(544,416),(512,416),(512,448)
(902,255),(929,291),(910,309),(881,270),(902,255)
(828,368),(859,343),(831,305),(801,327),(828,368)
(842,668),(839,659),(828,665),(806,717),(811,722),(814,720),(825,754),(822,757),(822,765),(873,790),(883,788),(881,780),(913,767),(919,774),(925,774),(953,723),(948,714),(942,716),(930,680),(934,676),(931,669),(883,646),(875,649),(874,655),(842,668)
}

spawns {
(1,1264,272);(1,1232,304);(1,1264,336);(1,1200,368);(1,1168,336);(1,1168,400);(1,1120,336);(1,1216,336);(1,1184,464);(1,1184,528);(1,1040,320);(0,128,48);(0,64,96);(0,112,96);(0,160,96);(0,208,96);(0,208,144);(0,160,144);(0,112,144);(0,64,144);(0,272,160);(0,256,64)
}

waypoints {
(288,288);(432,368);(416,544);(560,640);(992,624);(1168,624);(112,224);(160,400);(176,576);(272,608);(240,464);(416,608);(544,240);(640,64);(816,96);(736,208);(896,144);(1056,48);(864,480);(935,336)
}

guns {
(23,543,576)
}
