tiles {
13,38,35,35,35,35,35,35,35,35,35,35,35,35,35,35,35,35,35,139,147,151,0,152,142,142,142,143,140,127,131,129,13,13,13,13,13,13,13,13,13,13
13,33,8,8,8,8,8,8,8,8,8,8,8,8,8,8,8,8,8,138,146,154,153,155,144,144,144,148,38,34,128,130,13,13,13,13,13,13,13,13,13,13
13,33,8,1,1,1,1,31,31,31,32,8,32,32,31,31,31,73,74,149,141,150,150,150,150,150,150,150,14,15,34,8,37,38,13,13,13,13,13,13,13,13
13,33,134,1,47,2,24,64,6,6,22,4,5,3,6,6,6,61,75,76,8,37,35,35,35,35,35,35,16,17,33,8,8,37,13,13,13,13,13,13,13,13
13,33,1,1,47,2,24,64,6,6,26,26,26,3,6,6,6,61,38,77,8,8,8,8,8,8,8,8,18,19,33,8,8,8,13,13,13,13,13,13,13,13
13,47,2,48,52,2,24,64,6,6,26,26,26,3,6,6,6,61,38,33,8,8,8,8,8,8,8,8,20,21,33,8,8,8,13,13,13,13,13,13,13,13
13,47,2,1,47,2,24,64,6,6,22,4,5,3,6,6,6,61,38,33,8,8,8,8,8,8,8,8,37,35,36,8,8,8,37,38,13,13,13,13,13,13
13,47,2,1,47,1,25,64,6,6,22,4,5,3,6,6,6,61,38,33,8,8,8,8,8,8,8,8,8,8,8,8,8,8,8,37,13,13,13,13,13,13
13,47,2,1,47,1,65,66,6,6,22,4,5,3,6,6,6,61,38,33,8,8,46,41,41,41,41,41,41,44,34,8,8,8,8,134,13,13,13,13,13,13
13,47,2,1,23,1,47,6,6,6,22,4,5,3,6,6,6,61,38,33,8,8,40,6,6,102,94,101,6,39,38,34,156,8,13,13,13,13,13,13,13,13
13,47,2,1,23,1,47,6,6,6,22,4,5,3,6,6,6,61,38,33,8,8,40,94,94,99,0,93,6,39,38,33,8,8,13,13,13,13,13,13,13,13
13,47,2,1,23,1,47,6,6,6,110,108,112,3,6,6,6,61,38,33,8,8,40,0,0,0,0,93,6,39,38,33,8,8,13,13,13,13,13,13,13,13
13,47,2,1,47,1,47,6,6,6,105,0,106,3,6,6,6,61,38,33,8,8,40,92,92,92,92,103,6,39,38,33,156,8,13,13,13,13,13,13,13,13
13,47,2,1,56,48,52,6,6,6,109,107,111,3,6,6,6,61,38,33,8,8,40,6,6,6,6,6,6,39,38,33,8,8,13,13,13,13,13,13,13,13
13,116,115,1,1,1,47,6,6,6,22,4,5,3,6,6,6,61,38,33,127,8,40,6,6,6,6,102,94,39,38,33,8,8,13,13,13,13,13,13,13,13
13,113,0,1,68,1,47,6,6,6,22,4,5,3,102,94,101,61,38,33,8,8,40,6,6,6,6,95,0,39,38,33,156,8,13,13,13,13,13,13,13,13
13,113,0,1,68,1,47,6,6,6,3,4,5,3,95,0,93,61,38,33,8,133,40,94,94,101,6,95,0,39,38,33,8,8,37,38,13,13,13,13,13,13
13,117,114,1,68,1,47,2,2,2,22,4,5,3,95,0,93,61,38,33,8,8,40,0,0,93,6,95,0,39,38,33,8,8,8,37,13,13,13,13,13,13
13,47,2,1,68,1,47,2,2,2,22,4,5,3,104,92,103,61,38,33,8,8,45,42,42,103,6,42,42,43,38,33,156,8,132,126,13,13,13,13,13,13
13,47,2,1,68,1,47,85,84,78,79,11,12,8,69,62,62,63,38,33,8,8,37,38,38,34,8,37,38,38,38,33,8,8,13,13,13,13,13,13,13,13
13,47,2,97,1,96,2,89,90,38,80,81,12,8,70,71,38,38,72,72,34,8,8,37,35,35,35,35,35,35,35,36,8,8,13,13,13,13,13,13,13,13
13,49,48,48,48,48,48,88,87,35,35,82,83,35,35,35,35,35,72,72,33,8,8,8,8,8,8,8,8,8,8,8,8,8,13,13,13,13,13,13,13,13
13,13,13,1,1,1,1,47,54,34,8,11,12,8,8,8,8,8,7,7,33,8,26,26,34,8,8,8,8,8,8,8,8,8,13,13,13,13,13,13,13,13
13,13,13,1,50,51,51,53,55,33,8,11,12,8,8,8,8,8,37,35,36,8,26,26,33,8,8,8,8,8,8,8,8,8,13,13,13,13,13,13,13,13
13,13,13,1,47,59,60,60,86,91,57,57,57,57,57,57,57,57,57,57,57,57,26,26,58,57,57,57,8,8,8,8,8,8,13,13,13,13,13,13,13,13
9,9,9,9,8,9,9,9,9,9,9,9,9,9,9,9,9,9,9,9,9,9,9,9,9,9,9,9,8,8,8,8,8,8,37,38,38,38,13,13,13,13
8,8,8,8,8,8,8,8,136,135,135,135,135,137,8,8,8,8,8,8,8,8,8,8,8,8,8,8,8,8,8,8,8,8,8,37,35,35,13,13,13,13
8,8,8,8,122,123,124,125,136,135,135,135,135,137,122,123,124,125,8,8,8,8,8,8,122,123,124,125,8,8,8,8,8,8,122,123,124,125,13,13,13,13
10,10,10,10,118,119,120,121,10,10,10,8,10,10,118,119,120,121,10,10,10,10,10,10,118,119,120,121,10,10,8,8,8,8,118,119,120,121,13,13,13,13
13,13,13,13,13,13,13,13,13,13,67,67,67,67,13,13,13,13,13,13,13,13,13,13,13,13,13,13,13,13,34,8,13,13,13,13,13,13,13,13,13,13
13,13,13,13,13,13,13,13,13,13,8,11,12,128,13,13,13,13,13,13,13,13,13,13,13,13,13,13,13,13,13,13,13,13,13,13,13,13,13,13,27,28
}

collision {
(640,128),(640,128)
(896,64),(896,192),(960,192),(960,64),(896,64)
(1088,64),(1024,64),(1088,64)
(1088,192),(1088,64),(1088,192)
(1152,192),(1088,192),(1152,192)
(1152,288),(1152,192),(1152,288)
(1088,288),(1152,288),(1088,288)
(1088,512),(1088,288),(1088,512)
(1152,512),(1088,512),(1152,512)
(1152,608),(1152,512),(1152,608)
(1088,608),(1152,608),(1088,608)
(1088,800),(1088,608),(1088,800)
(1216,800),(1088,800),(1216,800)
(1216,928),(1216,800),(1216,928)
(1024,928),(1216,928),(1024,928)
(1024,960),(1024,928),(1024,960)
(960,960),(1024,960),(960,960)
(960,928),(960,960),(960,928)
(448,928),(960,928),(448,928)
(0,928),(320,928),(0,928)
(128,800),(0,800),(128,800)
(128,736),(128,800),(128,736)
(224,736),(128,736),(224,736)
(224,704),(224,736),(224,704)
(64,704),(224,704),(64,704)
(32,672),(64,704),(32,672)
(32,160),(32,672),(32,160)
(32,0),(32,160),(32,0)
(896,64),(896,64)
(1024,0),(896,0),(1024,0)
(1024,64),(1024,0),(1024,64)
(960,256),(704,256),(960,256)
(864,320),(864,384),(864,320)
(832,320),(864,320),(832,320)
(832,352),(832,320),(832,352)
(736,352),(832,352),(736,352)
(736,384),(736,352),(736,384)
(864,384),(736,384),(864,384)
(896,576),(896,480),(928,480),(928,576),(896,576)
(800,576),(736,576),(736,544),(800,544),(800,576)
(768,800),(768,800)
(576,640),(640,640),(640,736),(576,736),(576,640)
(160,768),(160,800),(160,768)
(256,768),(160,768),(256,768)
(288,736),(256,768),(288,736)
(288,704),(288,736),(288,704)
(224,640),(288,704),(224,640)
(64,544),(64,480),(64,544)
(96,544),(64,544),(96,544)
(96,640),(96,544),(96,640)
(128,672),(96,640),(128,672)
(160,672),(128,672),(160,672)
(192,640),(160,672),(192,640)
(192,448),(192,640),(192,448)
(128,448),(192,448),(128,448)
(128,192),(128,448),(128,192)
(96,192),(128,192),(96,192)
(96,192),(96,480),(96,192)
(64,480),(96,480),(64,480)
(192,224),(192,416),(192,224)
(192,416),(160,416),(160,224),(192,224),(192,416)
(352,416),(384,416),(384,384),(352,384),(352,416)
(480,576),(512,576),(512,512),(480,512),(480,576)
(320,192),(320,128),(416,128),(416,192),(320,192)
(96,64),(224,64),(96,64)
(96,128),(96,64),(96,128)
(64,128),(96,128),(64,128)
(64,160),(64,128),(64,160)
(128,160),(64,160),(128,160)
(128,96),(128,160),(128,96)
(224,96),(128,96),(224,96)
(224,64),(224,96),(224,96),(224,64)
(224,628),(223,620),(319,620),(319,627),(224,628)
(233,629),(232,647),(233,629)
(350,75),(224,75),(350,75)
(352,83),(351,74),(352,83)
(225,84),(353,83),(225,84)
(0,928),(0,800),(0,928)
(704,608),(704,256),(704,608)
(704,608),(704,608)
(800,608),(704,608),(800,608)
(960,608),(864,608),(960,608)
(960,256),(960,608),(960,256)
(712,264),(952,264),(712,264)
(712,600),(712,264),(712,600)
(800,600),(712,600),(800,600)
(800,608),(800,600),(800,608)
(864,600),(864,608),(864,600)
(952,600),(864,600),(952,600)
(952,264),(952,600),(952,264)
(564,628),(448,628),(564,628)
(564,76),(564,628),(564,76)
(384,75),(563,75),(384,75)
(384,84),(384,76),(384,84)
(555,84),(384,84),(555,84)
(555,617),(555,84),(555,617)
(448,618),(553,618),(448,618)
(448,628),(448,620),(448,628)
(736,0),(736,32),(704,32),(704,0),(736,0)
(32,0),(640,0),(32,0)
(704,704),(704,800),(704,704)
(768,704),(704,704),(768,704)
(768,800),(768,704),(768,800)
(704,800),(768,800),(704,800)
}

collisionPeople {
(320,928),(448,928),(320,928)
(768,800),(896,800),(768,800)
(160,800),(896,800),(160,800)
(224,256),(192,256),(224,256)
(224,96),(224,256),(224,96)
(640,640),(640,640)
(640,64),(896,64),(640,64)
(640,0),(640,64),(640,0)
(896,0),(640,0),(896,0)
(896,32),(896,0),(896,32)
(896,0),(640,0),(896,0)
}

buyzones {
(1,224,96,544,448)
(0,960,256,1088,608)
}

spawns {
(0,992,288);(0,1056,288);(0,1056,416);(1,272,160);(1,272,288);(1,272,416);(0,992,544);(0,1056,544);(0,992,416);(1,496,288);(1,496,416);(1,496,160)
}

waypoints {
(896,384);(377,296);(501,396);(270,432);(392,620);(388,777);(671,779);(666,232);(1024,225);(1037,664);(674,665);(993,859);(551,868);(748,868);(140,874);(146,756);(247,749);(248,684);(209,680);(210,434);(214,550);(54,659);(47,404);(47,179);(178,172);(51,36);(367,31);(596,35);(368,109);(266,118);(491,116)
}

guns {
(18,272,288);(18,272,160);(18,496,160);(18,496,288);(18,496,416);(18,272,416);(17,992,288);(17,1056,288);(17,992,416);(17,1056,416);(17,1056,544);(17,992,544);(23,789,317);(23,180,172)
}
