tiles {
178,48,48,48,48,48,48,48,48,48,48,48,48,48,48,48,48,48,48,48,43,195,44,40,36,36,39,52,36,36
178,178,217,178,178,178,178,178,27,28,29,224,178,178,178,178,178,178,178,178,43,195,44,39,36,36,40,52,36,36
178,27,28,29,178,178,178,178,178,178,222,178,57,58,59,225,178,178,178,217,43,195,44,40,47,36,39,52,36,36
178,178,178,219,178,178,217,178,178,178,178,178,178,178,178,178,178,178,178,178,43,195,44,39,46,36,40,52,36,36
178,178,178,178,178,223,178,178,178,178,221,178,178,178,178,178,221,178,223,216,43,195,44,40,45,36,39,52,36,36
15,158,158,158,15,15,15,15,15,15,15,15,15,15,158,158,158,15,15,15,15,15,17,39,36,36,40,52,36,36
15,33,33,33,33,33,6,7,33,33,6,7,6,143,143,143,143,143,143,25,25,15,17,40,36,36,39,52,36,36
15,33,33,33,33,33,33,33,33,33,143,143,143,143,143,143,143,143,143,143,143,15,17,39,36,36,40,52,36,36
15,33,33,33,33,33,33,33,33,33,143,143,143,143,143,143,143,143,143,143,143,15,17,40,36,66,39,52,36,36
15,33,33,33,33,33,33,33,33,33,143,143,143,143,143,143,143,143,143,143,143,158,17,39,36,36,40,52,36,36
15,22,22,33,33,33,33,33,33,33,143,143,143,143,18,18,22,143,143,143,143,158,17,40,47,122,39,52,36,36
15,81,81,81,81,77,77,77,238,238,238,238,227,147,147,150,150,150,143,143,143,158,17,39,46,11,40,52,36,36
15,229,229,229,229,6,7,77,238,238,238,238,227,147,147,150,34,161,161,161,161,15,17,40,45,21,39,52,36,36
15,229,229,229,229,229,25,77,238,238,238,238,227,147,147,150,161,161,161,161,161,15,17,39,36,36,40,52,36,36
15,229,229,229,229,229,229,77,238,238,238,238,227,147,147,150,34,161,161,161,161,15,17,40,86,36,39,52,36,36
15,229,229,229,229,229,229,77,238,238,238,9,227,147,147,150,161,161,161,161,161,15,17,39,36,36,40,52,36,36
15,229,229,229,229,229,229,83,238,238,238,8,77,147,147,150,34,161,161,161,161,15,17,40,36,36,39,52,36,36
15,229,229,229,229,229,229,83,238,238,238,238,77,147,1,150,161,161,161,161,161,15,17,39,36,36,40,52,36,36
15,229,229,229,229,229,229,83,238,238,238,238,77,147,147,150,34,161,161,161,161,15,17,40,36,4,39,52,36,36
15,81,81,81,77,77,77,238,238,238,238,238,227,147,147,150,150,150,142,142,142,15,17,39,36,5,40,52,36,36
15,226,226,226,6,7,77,238,238,238,238,9,227,147,147,142,122,142,142,142,142,158,17,40,86,36,39,52,36,36
15,226,226,226,226,226,77,238,238,238,238,8,227,147,147,142,142,142,142,142,142,158,17,39,36,36,40,52,36,36
15,226,226,226,226,226,77,22,238,238,238,238,227,147,147,142,142,142,142,142,142,158,17,40,36,36,39,52,36,36
15,226,226,226,226,226,77,22,238,238,238,238,227,147,147,142,142,142,142,142,142,158,17,39,36,66,40,52,36,36
15,226,226,226,226,226,77,238,238,238,238,238,227,0,147,150,150,150,150,142,142,158,17,40,36,36,39,52,36,36
15,8,226,226,226,226,77,238,238,238,238,238,83,147,147,136,73,73,73,73,73,15,17,39,86,36,40,52,36,36
15,9,226,226,226,226,83,238,238,238,238,238,83,147,147,136,73,73,73,73,73,15,17,40,36,36,39,52,36,36
15,9,226,226,226,226,83,238,238,238,238,238,83,147,147,136,73,73,73,73,73,15,17,39,36,36,40,52,36,36
15,8,21,21,226,226,83,238,238,238,238,238,83,147,147,73,74,135,78,135,78,15,17,40,36,66,39,52,36,36
15,15,15,15,15,15,15,15,15,15,15,15,15,15,15,15,15,15,15,15,15,15,17,39,36,36,40,52,36,36
}

collision {
(704,160),(704,192),(544,192),(544,160),(704,160)
(672,288),(704,288),(704,192),(672,192),(672,288)
(672,640),(704,640),(704,384),(672,384),(672,640)
(672,960),(704,960),(704,800),(672,800),(672,960)
(672,960),(672,928),(672,960)
(0,928),(672,928),(0,928)
(32,160),(32,928),(32,160)
(0,160),(32,160),(0,160)
(0,32),(0,32)
(0,928),(0,0),(0,928)
(960,0),(960,0)
(960,960),(960,960),(960,960),(960,960),(960,0),(960,960)
(704,960),(960,960),(704,960)
(480,800),(608,800),(608,768),(480,768),(480,800)
(576,928),(560,928),(576,896),(560,896),(576,928)
(624,928),(640,928),(640,896),(624,896),(624,928)
(480,800),(480,896),(496,896),(496,896),(496,800),(480,800)
(576,608),(480,608),(480,640),(576,640),(576,608)
(512,608),(512,352),(480,352),(480,608),(512,608)
(512,384),(576,384),(576,352),(512,352),(512,384)
(384,512),(416,512),(416,352),(384,352),(384,512)
(384,800),(416,800),(416,608),(384,608),(384,800)
(128,192),(448,192),(448,160),(128,160),(128,192)
}

collisionPeople {
(768,160),(800,160),(800,64),(768,64),(768,160)
(768,416),(800,416),(800,320),(768,320),(768,416)
(800,352),(832,352),(832,320),(800,320),(800,352)
(800,640),(832,640),(832,576),(800,576),(800,640)
(256,64),(352,64),(352,32),(256,32),(256,64)
(32,96),(128,96),(128,64),(32,64),(32,96)
(384,96),(480,96),(480,64),(384,64),(384,96)
(256,352),(160,352),(256,352)
(256,512),(256,352),(256,512)
(224,512),(256,512),(224,512)
(224,384),(224,512),(224,384)
(160,384),(224,384),(160,384)
(160,352),(160,384),(160,352)
(224,416),(224,384),(160,416),(160,384),(224,416)
(224,416),(160,416),(224,416)
(192,448),(224,448),(224,416),(192,416),(192,448)
(32,928),(64,928),(64,800),(32,800),(32,928)
(224,832),(224,608),(224,832)
(192,832),(224,832),(192,832)
(192,640),(192,832),(192,640)
(128,640),(160,640),(128,640)
(128,608),(128,640),(128,608)
(224,608),(128,608),(224,608)
(192,640),(192,672),(128,672),(128,640),(192,640)
(384,608),(416,608),(416,512),(384,512),(384,608)
(256,192),(256,224),(192,224),(192,192),(256,192)
(416,192),(416,224),(320,224),(320,192),(416,192)
(32,352),(96,352),(96,320),(32,320),(32,352)
(512,352),(544,352),(544,320),(512,320),(512,352)
(544,416),(512,416),(512,416),(544,384),(512,384),(544,416)
(512,480),(544,480),(544,448),(512,448),(512,480)
(512,544),(544,544),(544,512),(512,512),(512,544)
(512,608),(544,608),(544,576),(512,576),(512,608)
(512,640),(544,640),(544,672),(512,672),(512,640)
(608,928),(608,896),(576,896),(576,928),(608,928)
(672,928),(672,896),(640,896),(640,928),(672,928)
(640,928),(640,896),(608,896),(608,928),(640,928)
(576,928),(576,896),(576,928)
(672,192),(672,224),(608,224),(608,192),(672,192)
(256,768),(256,768),(256,768),(256,768)
(256,768),(256,768),(256,768)
(380,32),(380,32)
(256,768),(256,704),(224,704),(224,768),(256,768)
(352,544),(384,544),(384,544),(384,480),(352,480),(352,544)
(352,704),(384,704),(384,640),(352,640),(352,704)
}

buyzones {
(0,736,0,864,960)
(1,32,192,672,928)
}

spawns {
(0,928,64);(0,928,64);(0,928,96);(0,896,96);(0,896,64);(0,928,576);(0,896,576);(0,896,544);(0,928,544);(0,928,800);(0,896,800);(0,896,832);(0,928,832);(0,192,96);(0,224,96);(0,224,96);(0,224,128);(0,192,128);(1,64,480);(1,96,480);(1,128,480);(1,160,480);(1,64,512);(1,96,512);(1,128,512);(1,160,512);(1,64,544);(1,96,544);(1,96,544);(1,128,544);(1,160,544);(1,608,448);(1,640,448);(1,640,480);(1,608,480);(1,608,512);(1,640,512);(1,640,832);(1,608,832);(1,608,864);(1,640,864);(1,128,256);(1,160,256);(1,192,288);(1,192,288);(1,192,256);(1,160,288);(1,128,288);(1,480,224);(1,512,256);(1,544,256);(1,512,224);(1,544,224);(1,416,256);(1,480,256);(1,448,224);(1,448,256);(1,480,288);(1,512,288);(1,544,288);(1,448,288);(1,608,672);(1,576,704);(1,576,672);(1,608,704);(1,640,672);(1,640,704);(1,288,864);(1,288,832);(1,288,832);(1,288,800);(1,288,768);(1,288,736);(1,288,736);(1,288,672);(1,288,640);(1,288,608);(1,288,576);(1,288,544);(1,288,480);(1,288,448);(1,288,416);(1,288,384);(1,288,352);(1,288,512);(1,288,704);(1,96,736);(1,128,736);(1,160,736);(1,160,768);(1,128,768);(1,128,768);(1,96,768);(1,96,800);(1,128,800);(1,160,800);(1,320,352);(1,320,384);(1,320,384);(1,320,416);(1,320,448);(1,320,480);(1,320,512);(1,320,544);(1,320,608);(1,320,576);(1,320,864);(1,320,832);(1,320,800);(1,320,768);(1,320,736);(1,320,704);(1,320,672);(1,320,640)
}

waypoints {
(448,704);(640,720);(624,256);(128,256);(96,512);(128,864);(320,864);(320,576);(320,288);(736,704);(800,224);(576,96);(384,128);(96,128);(624,480);(448,272)
}

guns {
(8,896,64);(8,928,64);(8,896,96);(8,928,96);(10,192,96);(10,224,96);(10,224,128);(10,224,128);(10,192,128);(17,928,800);(17,896,800);(17,896,832);(17,928,832);(18,896,544);(18,928,544);(18,928,576);(18,896,576)
}
