35,33
0,0,0,0,0,0,0,0,0,0,0,0,0,0,0,0,0,0,0,6,14,14,14,14,14,14,14,8,17,17,17,17,17,17,17
0,17,17,17,17,17,0,0,0,0,0,0,0,0,0,0,0,0,0,11,15,13,13,13,13,13,15,12,17,17,17,17,17,17,17
0,17,17,17,17,17,0,0,0,0,0,0,0,0,0,0,0,0,0,11,12,0,0,0,0,0,11,12,17,17,6,14,14,14,8
0,17,17,17,17,17,0,0,0,0,0,0,0,0,0,0,0,0,0,11,12,0,0,0,0,0,11,15,14,14,15,15,15,15,12
0,17,17,17,6,8,0,0,0,0,0,0,0,0,0,0,0,0,0,11,12,0,6,14,14,14,15,15,15,15,15,15,15,15,12
0,17,17,17,11,12,0,0,0,0,0,0,0,0,0,0,0,0,0,11,12,0,11,15,15,13,13,13,13,13,13,13,13,13,7
0,17,17,17,11,12,0,0,0,0,0,0,0,0,0,0,0,0,0,11,12,0,11,15,12,0,1,18,1,18,1,17,17,17,17
0,17,17,17,11,12,0,0,0,0,0,0,0,0,0,0,0,0,0,11,12,0,11,15,12,0,2,6,14,8,1,17,17,17,17
0,17,17,17,11,12,0,0,0,0,0,0,0,0,0,0,0,0,0,11,12,0,11,15,15,14,14,15,15,15,14,14,14,14,8
0,17,17,17,11,15,14,14,14,14,14,14,14,14,14,14,14,14,14,15,12,0,11,15,15,15,15,15,15,15,15,15,15,15,12
0,17,17,17,11,15,15,13,13,13,13,15,15,13,13,13,13,13,15,15,7,0,11,15,13,13,13,13,13,13,13,13,13,15,12
0,17,17,17,11,15,12,1,18,0,0,11,12,0,0,0,0,0,11,12,1,0,11,12,1,1,1,1,1,1,0,0,0,11,12
0,17,17,17,11,15,15,14,8,0,0,11,12,0,0,0,0,0,11,12,1,0,11,12,0,0,0,0,0,0,0,0,0,11,12
0,17,17,17,9,13,13,13,7,0,0,11,12,0,0,0,0,0,11,12,1,0,11,12,0,0,0,0,0,0,0,0,0,11,12
0,17,17,17,17,17,4,17,17,14,14,15,15,14,14,14,14,14,15,15,14,14,15,15,14,14,14,14,14,14,14,14,14,15,12
0,17,17,17,17,17,17,17,17,13,13,15,15,13,13,13,13,13,13,13,13,13,15,15,13,13,13,13,13,13,13,13,13,13,7
0,17,17,17,17,17,17,17,17,0,0,35,35,0,0,0,0,0,0,0,0,0,11,12,0,0,0,0,0,0,0,0,0,0,0
0,17,17,17,17,17,17,17,17,17,38,38,38,0,0,0,0,0,0,0,0,0,11,15,14,14,8,0,0,0,0,0,0,0,0
0,17,17,17,17,17,17,17,17,17,38,38,38,0,0,0,0,39,39,39,43,14,15,15,15,15,12,0,0,0,0,0,0,0,0
0,17,17,17,17,17,17,17,17,0,0,0,0,0,0,0,0,39,39,39,43,13,13,13,13,13,7,0,0,0,0,0,0,0,0
0,17,17,17,17,17,17,17,17,0,0,0,0,0,0,0,0,39,39,0,0,4,4,4,4,17,17,0,0,0,0,0,0,0,0
0,0,39,39,39,0,0,0,0,0,0,0,0,0,0,0,0,39,39,0,0,17,17,17,17,17,17,0,0,0,0,0,0,0,0
0,0,39,39,39,0,0,0,0,0,0,0,0,0,0,0,0,39,39,0,0,17,17,17,17,17,17,0,0,0,0,0,0,0,0
0,0,39,39,39,0,0,0,0,0,0,0,0,0,0,0,0,39,39,0,0,17,17,17,17,17,17,0,0,0,0,0,0,0,0
0,0,39,39,39,0,0,0,0,0,0,0,0,0,0,0,0,39,39,0,0,17,17,17,17,17,17,0,0,0,0,0,0,0,0
0,0,39,39,39,0,0,0,0,0,0,0,0,0,0,0,0,39,39,0,0,17,17,17,17,17,17,0,0,0,0,0,0,0,0
0,0,39,39,39,0,0,0,0,0,0,0,0,0,0,0,0,39,39,39,39,17,17,17,17,17,17,0,0,0,0,0,0,0,0
0,0,39,39,39,0,0,0,0,0,0,0,0,0,0,0,0,39,39,39,39,17,17,17,17,17,17,0,0,0,0,0,0,0,0
0,39,39,39,39,39,39,0,0,0,0,0,0,0,0,0,0,39,39,0,0,17,17,17,17,17,17,0,0,0,0,0,0,0,0
0,40,39,39,39,39,39,0,0,0,0,0,0,0,0,0,0,35,35,0,0,17,17,17,17,17,17,0,0,0,0,0,0,0,0
0,39,39,39,39,39,39,39,39,39,39,39,39,39,39,39,39,39,39,0,0,17,17,17,17,17,17,0,0,0,0,0,0,0,0
0,40,39,39,39,39,39,39,39,39,39,39,39,39,39,39,39,39,39,39,17,17,17,17,17,17,17,0,0,0,0,0,0,0,0
0,39,39,39,39,39,39,39,39,39,39,39,39,39,39,39,39,39,39,39,17,17,17,17,17,17,17,0,0,0,0,0,0,0,0
(32,672),(32,32),(32,672),(-1,-1),(64,672),(32,672),(64,672),(-1,-1),(64,672),(64,896),(64,672),(-1,-1),(64,896),(32,896),(64,896),(-1,-1),(160,896),(224,896),(160,896),(-1,-1),(160,896),(160,896),(-1,-1),(288,608),(288,608),(-1,-1),(608,288),(608,0),(608,0),(608,288),(-1,-1),(192,32),(192,128),(192,32),(-1,-1),(192,128),(192,128),(-1,-1),(128,448),(128,128),(128,448),(-1,-1),(128,448),(192,448),(128,448),(-1,-1),(352,448),(224,448),(352,448),(-1,-1),(352,448),(352,352),(352,448),(-1,-1),(192,128),(192,128),(-1,-1),(224,448),(224,448),(-1,-1),(192,448),(192,448),(-1,-1),(608,288),(608,288),(-1,-1),(416,352),(576,352),(416,352),(-1,-1),(416,448),(416,352),(416,448),(-1,-1),(576,352),(576,448),(576,352),(-1,-1),(416,448),(576,448),(416,448),(-1,-1),(352,544),(352,544),(-1,-1),(352,544),(288,544),(352,544),(-1,-1),(288,544),(288,544),(-1,-1),(640,448),(640,352),(640,448),(-1,-1),(640,448),(704,448),(640,448),(-1,-1),(672,64),(672,352),(672,64),(-1,-1),(608,0),(608,0),(608,0),(-1,-1),(608,288),(608,288),(-1,-1),(544,960),(544,960),(-1,-1),(224,896),(224,896),(-1,-1),(672,64),(832,64),(672,64),(-1,-1),(704,128),(832,128),(704,128),(-1,-1),(832,64),(832,128),(832,64),(-1,-1),(1120,192),(1120,192),(-1,-1),(1120,192),(1120,64),(1120,192),(-1,-1),(1120,64),(960,64),(1120,64),(-1,-1),(608,832),(608,640),(608,832),(-1,-1),(864,544),(768,544),(864,544),(-1,-1),(768,544),(768,512),(768,544),(-1,-1),(768,512),(768,512),(-1,-1),(960,256),(960,256),(-1,-1),(768,512),(768,512),(-1,-1),(960,256),(960,256),(-1,-1),(192,32),(32,32),(192,32),(-1,-1),(32,1056),(32,1056),(-1,-1),(32,1056),(32,896),(32,1056),(-1,-1),(608,896),(608,992),(608,896),(-1,-1),(608,992),(608,992),(-1,-1),(864,256),(864,256),(-1,-1),(960,224),(864,224),(960,224),(-1,-1),(960,256),(960,224),(960,256),(-1,-1),(864,256),(864,224),(864,256),(-1,-1),(960,256),(1120,256),(960,256),(-1,-1),(768,512),(1120,512),(768,512),(-1,-1),(1056,448),(768,448),(1056,448),(-1,-1),(1056,448),(1056,352),(1056,448),(-1,-1),(1056,352),(768,352),(1056,352),(-1,-1),(768,448),(768,352),(768,448),(-1,-1),(1120,512),(1120,256),(1120,512),(-1,-1),(608,640),(608,640),(-1,-1),(960,64),(960,96),(960,64),(-1,-1),(896,96),(896,96),(-1,-1),(896,0),(608,0),(896,0),(-1,-1),(896,0),(896,96),(896,0),(-1,-1),(896,96),(960,96),(896,96),(-1,-1),(704,576),(704,576),(-1,-1),(192,128),(192,128),(-1,-1),(608,640),(608,640),(-1,-1),(704,576),(544,576),(704,576),(-1,-1),(704,128),(704,448),(704,128),(-1,-1),(1120,192),(800,192),(1120,192),(-1,-1),(800,256),(800,192),(800,256),(-1,-1),(352,544),(352,512),(352,544),(-1,-1),(416,608),(416,512),(416,608),(-1,-1),(864,256),(800,256),(864,256),(-1,-1),(192,128),(192,128),(-1,-1),(864,1056),(32,1056),(864,1056),(-1,-1),(1056,512),(1056,512),(-1,-1),(608,992),(608,992),(-1,-1),(224,896),(224,960),(224,896),(-1,-1),(544,960),(224,960),(544,960),(-1,-1),(544,576),(544,960),(544,576),(-1,-1),(672,352),(640,352),(672,352),(-1,-1),(224,384),(224,352),(224,384),(-1,-1),(224,384),(224,384),(-1,-1),(224,352),(224,352),(-1,-1),(864,544),(864,1056),(864,544),(-1,-1),(672,640),(672,640),(-1,-1),(608,992),(672,992),(608,992),(-1,-1),(672,640),(608,640),(672,640),(-1,-1),(864,640),(800,640),(864,640),(-1,-1),(608,896),(672,896),(608,896),(-1,-1),(672,896),(672,992),(672,896),(-1,-1),(608,832),(672,832),(608,832),(-1,-1),(672,640),(672,832),(672,640),(-1,-1),(288,608),(416,608),(288,608),(-1,-1),(608,288),(192,288),(608,288),(-1,-1),(192,288),(192,128),(192,288),(-1,-1),(352,352),(224,352),(352,352),(-1,-1),(288,512),(352,512),(288,512),(-1,-1),(288,544),(288,512),(288,544),(-1,-1),(288,448),(288,448),(-1,-1),(224,384),(288,384),(224,384),(-1,-1),(288,384),(288,384),(-1,-1),(288,448),(288,448),(-1,-1),(704,576),(704,512),(704,576),(-1,-1),(416,512),(704,512),(416,512),(-1,-1),(288,448),(288,384),(288,448),(-1,-1),(160,896),(160,672),(160,896),(-1,-1),(288,608),(288,672),(288,608),(-1,-1),(288,672),(160,672),(288,672)
(128,928),(192,992),(96,1024),(160,1024),(64,928),(64,992),(128,992),(192,928),(112,720),(112,800),(112,864),(240,1024)
(944,304),(944,272),(848,272),(848,304),(992,96),(1072,96),(1072,160),(992,160),(768,272),(1040,288),(768,192),(1088,288),(768,320),(1032,128)
(736,288),(736,160),(864,32),(656,16),(1088,480),(160,320),(208,464),(384,480),(608,480),(624,320),(736,480),(736,608),(576,608),(736,1024),(112,1008),(112,656),(288,576),(576,1024),(576,864),(160,96),(864,160),(80,96),(640,192),(384,320),(1088,320),(192,384),(976,144)
5:(144,432),5:(272,432),1:(336,976),0:(240,976),5:(272,976),3:(304,976),2:(368,976),0:(1104,80),1:(1104,112),3:(1104,144),2:(1104,176),5:(1088,448),5:(1088,352),1:(992,96),1:(1072,96),1:(1072,160),1:(992,160),1:(944,272),1:(944,304),1:(1040,288),1:(1088,288),1:(848,272),1:(848,304),1:(768,272),1:(768,192),0:(112,720),0:(112,800),0:(64,928),0:(64,992),0:(96,1024),0:(160,1024),0:(192,992),0:(128,992),0:(128,928),0:(192,928),0:(240,1024),0:(112,864),1:(768,320),1:(1032,128),4:(160,192)
