tiles {
11,11,11,11,11,11,6,19,20,21,22,23,0,16,16,16,16,16,16,16,16,16,16,16,16,16,16,16,16,16
6,0,0,0,0,8,6,24,25,26,27,28,0,16,0,0,0,0,0,0,0,0,16,0,0,0,0,0,0,16
6,0,64,65,0,8,6,29,30,31,0,0,0,16,0,0,0,0,0,0,35,0,16,0,40,40,0,40,40,16
2,0,0,9,9,3,6,16,16,16,16,16,16,16,0,0,37,38,39,0,36,0,16,0,0,0,0,0,0,16
5,6,8,4,1,1,0,16,0,0,16,0,0,16,0,0,0,0,0,0,0,0,16,0,40,40,0,40,40,16
8,6,8,6,12,13,14,15,62,0,16,0,63,16,0,0,0,0,0,0,0,0,16,0,0,0,0,0,0,16
8,6,8,6,0,0,0,16,0,0,16,0,0,16,16,16,0,0,16,16,16,16,16,0,40,40,0,40,40,16
8,6,8,6,0,0,0,16,0,0,0,0,0,0,0,0,0,0,0,0,0,0,0,0,0,0,0,0,0,16
8,6,8,6,0,0,0,16,0,0,0,0,0,0,0,0,0,0,0,0,0,0,0,0,40,40,0,40,40,16
10,0,0,10,0,0,0,16,10,0,0,10,0,0,0,0,0,0,0,0,0,0,16,0,0,0,0,0,0,16
10,0,0,10,7,7,7,7,10,0,0,10,7,7,7,7,7,7,7,7,7,7,16,0,40,40,0,40,40,16
10,0,0,10,7,7,7,7,10,0,0,10,7,7,7,7,7,7,7,7,7,7,16,0,0,0,0,0,0,16
10,0,0,10,0,0,0,0,10,0,0,10,0,0,0,0,0,0,0,0,7,7,16,16,16,16,0,0,16,16
16,0,0,16,16,16,16,16,16,0,0,16,16,16,16,0,0,0,0,0,7,7,16,0,0,0,0,0,0,16
16,0,0,0,0,0,0,0,0,0,0,0,0,0,16,0,0,0,0,10,10,10,10,0,41,43,43,43,0,16
16,34,17,17,34,18,18,34,32,32,34,33,33,34,0,0,0,0,0,0,0,0,0,0,43,44,45,43,0,16
16,34,17,17,34,18,18,34,32,32,34,33,33,34,0,0,0,0,0,0,0,0,0,52,43,46,47,43,0,16
16,34,17,17,34,18,18,34,32,32,34,33,33,34,16,0,0,0,0,10,10,10,10,0,43,43,43,42,0,16
16,34,17,17,34,18,18,34,32,32,34,33,33,34,16,0,0,0,0,0,7,7,16,0,0,0,0,0,0,16
16,34,17,17,34,18,18,34,32,32,34,33,33,34,16,0,0,0,50,51,7,7,16,16,16,16,0,0,16,16
16,0,0,0,0,0,0,0,0,0,0,0,0,0,16,0,0,0,48,0,7,7,16,0,0,0,0,0,0,16
16,16,16,16,16,0,0,16,16,16,16,16,16,16,16,0,0,0,49,0,7,7,16,34,54,34,0,34,53,16
19,20,21,22,23,0,0,0,0,0,0,0,0,0,0,0,0,0,0,0,7,7,16,34,54,34,0,34,53,16
24,25,26,27,28,0,60,0,0,0,0,0,0,0,55,56,57,0,0,10,10,10,10,34,54,34,0,34,53,16
29,30,31,0,0,0,61,0,0,0,0,0,0,0,0,0,0,0,0,0,0,0,0,34,54,34,0,34,53,16
12,13,14,15,0,0,0,0,0,0,58,59,0,0,0,0,58,59,0,0,0,0,0,34,54,34,0,34,53,16
16,16,0,16,16,16,0,16,16,16,0,16,16,16,0,16,16,0,16,10,10,10,10,34,54,34,0,34,53,16
16,0,0,0,16,0,0,0,16,0,0,0,16,0,0,0,16,0,48,16,7,7,16,34,54,34,0,34,53,16
16,0,0,0,16,0,0,0,16,0,0,0,16,0,0,0,16,0,49,16,7,7,16,0,0,0,0,0,0,16
16,16,16,16,16,16,16,16,16,16,16,16,16,16,16,16,16,16,16,16,7,7,16,16,16,16,16,16,16,16
}

collision {
(128,288),(128,416),(256,416),(256,320),(224,320),(224,192),(128,192),(128,160),(224,160),(224,96),(416,96),(416,0),(960,0),(960,960),(0,960),(0,832),(64,832),(64,864),(32,864),(32,928),(128,928),(128,864),(96,864),(96,832),(192,832),(192,864),(160,864),(160,928),(256,928),(256,864),(224,864),(224,832),(320,832),(320,864),(288,864),(288,928),(384,928),(384,864),(352,864),(352,832),(448,832),(448,864),(416,864),(416,928),(512,928),(512,864),(480,864),(480,832),(544,832),(544,928),(608,928),(608,864),(576,864),(576,832),(736,832),(736,928),(928,928),(928,640),(896,640),(896,608),(928,608),(928,416),(896,416),(896,384),(928,384),(928,32),(736,32),(736,224),(576,224),(576,192),(704,192),(704,32),(448,32),(448,192),(512,192),(512,224),(416,224),(416,128),(352,128),(352,224),(320,224),(320,128),(256,128),(256,288),(288,288),(288,448),(96,448),(96,288),(128,288)
(32,128),(32,288),(32,128)
(0,128),(32,128),(0,128)
(0,0),(0,128),(0,0)
(0,0),(192,0),(0,0)
(192,128),(192,0),(192,128)
(96,128),(192,128),(96,128)
(96,288),(96,128),(96,288)
(0,704),(160,704),(160,672),(32,672),(32,288),(0,288),(0,704)
(480,704),(480,544),(448,544),(448,672),(224,672),(224,704),(480,704)
(448,480),(448,448),(352,448),(352,288),(384,288),(384,416),(480,416),(480,480),(448,480)
(736,768),(736,640),(832,640),(832,608),(736,608),(736,544),(608,544),(608,576),(704,576),(704,736),(608,736),(608,768),(736,768)
(608,448),(704,448),(704,288),(736,288),(736,384),(832,384),(832,416),(736,416),(736,480),(608,480),(608,448)
(0,960),(0,0),(960,0),(960,960),(0,960)
}

collisionPeople {
(128,384),(256,384),(256,320),(128,320),(128,384)
(384,384),(640,384),(640,448),(704,448),(704,320),(384,320),(384,384)
(704,736),(704,576),(640,576),(640,608),(636,620),(632,620),(632,620),(628,620),(624,620),(624,620),(612,620),(600,616),(592,616),(592,624),(592,624),(592,636),(592,640),(592,640),(596,640),(596,640),(600,636),(600,632),(600,628),(600,628),(600,624),(604,624),(608,624),(616,628),(616,628),(616,628),(624,628),(628,628),(640,628),(640,736),(704,736)
(640,64),(672,64),(672,128),(640,128),(640,64)
(896,576),(768,576),(768,544),(768,576),(896,576),(896,448),(768,448),(896,448),(896,512),(896,576)
(768,480),(768,448),(768,480),(768,480)
(768,448),(768,512),(768,448)
(832,320),(800,320),(800,352),(800,320),(768,320),(768,352),(768,320),(832,320),(832,352),(832,320)
(864,320),(896,320),(928,320),(896,320),(896,352),(896,320),(864,320),(864,352),(864,320)
(768,256),(800,256),(800,288),(800,256),(832,256),(832,288),(832,256),(768,256),(768,288),(768,256)
(864,256),(896,256),(896,288),(896,256),(928,256),(864,256),(864,288),(864,256)
(768,192),(800,192),(800,224),(800,192),(832,192),(832,224),(832,192),(768,192),(768,224),(768,192)
(864,192),(896,192),(896,224),(896,192),(928,192),(864,192),(864,224),(864,192)
(768,128),(800,128),(800,160),(800,128),(832,128),(832,160),(832,128),(768,128),(768,160),(768,128)
(864,128),(896,128),(896,160),(896,128),(896,128),(928,128),(864,128),(864,160),(864,128)
(768,64),(800,64),(800,96),(800,64),(832,64),(832,96),(832,64),(768,64),(768,96),(768,64)
(864,64),(896,64),(896,96),(896,64),(928,64),(864,64),(864,96),(864,64)
(580,876),(584,880),(580,884),(588,884),(596,884),(600,884),(604,880),(604,880),(604,876),(604,876),(596,872),(596,872),(588,872),(584,876),(580,876)
(592,656),(604,660),(600,660),(592,660),(588,660),(584,660),(580,660),(584,656),(580,656),(580,652),(584,652),(584,652),(584,652),(584,648),(584,648),(592,648),(592,648),(600,644),(604,652),(604,656),(604,656),(604,660),(600,660),(592,656)
}

spawns {
(1,560,912);(1,432,912);(1,464,912);(1,496,912);(1,496,880);(1,464,880);(1,432,880);(1,592,912);(1,368,912);(1,336,912);(1,304,912);(1,336,880);(1,368,880);(1,304,880);(1,240,880);(1,208,880);(1,240,912);(1,208,912);(1,176,912);(1,176,880);(1,112,880);(1,80,880);(1,48,880);(1,48,912);(1,80,912);(1,112,912);(0,64,192);(0,32,64);(0,96,64);(0,160,64);(0,64,128)
}

waypoints {
(544,480);(544,480);(320,752);(64,352);(544,256);(848,800)
}

guns {
(0,784,464);(0,784,464);(0,880,560);(5,16,16);(5,16,16);(5,16,16);(5,16,16);(5,16,16);(5,16,16);(5,16,16);(5,16,16);(5,16,16);(5,16,16);(5,16,16);(5,16,16);(6,48,16);(6,48,16);(6,48,16);(6,48,16);(6,48,16);(6,48,16);(6,48,16);(6,48,16);(6,48,16);(6,48,16);(6,48,16);(6,48,16);(6,48,16);(23,176,16);(23,176,16);(23,176,16);(23,176,16);(18,80,16);(18,80,16);(18,80,16);(18,80,16);(17,112,16);(17,112,16);(17,112,16);(17,112,16);(19,144,16);(19,144,16);(19,144,16);(19,144,16);(19,144,16);(26,608,112);(26,608,112);(26,608,112);(26,608,112);(26,608,112);(26,592,688);(26,160,96);(26,160,96);(26,160,96);(26,160,96);(26,160,96);(26,160,96);(26,160,96);(26,160,96);(26,160,96);(26,160,96);(3,256,720)
}


buyzones {
(1,0,290,0,290);(0,0,290,0,290)
}
