tiles {
28,24,24,24,24,24,24,24,24,24,24,24,24,24,24,24,24,24,24,24,24,24,24,24,24,24,24,27
26,31,33,33,33,33,33,33,33,33,33,86,86,86,86,86,31,31,33,33,33,33,33,33,33,33,33,25
26,32,0,0,0,0,0,22,0,0,0,89,89,89,89,89,31,32,0,0,0,0,0,0,0,0,0,25
26,32,0,0,53,54,0,0,0,0,0,16,16,16,16,16,31,32,0,0,65,0,0,39,45,46,0,25
26,32,0,0,55,56,0,7,0,0,0,19,19,19,19,19,31,32,0,0,66,67,0,42,47,48,0,25
26,32,61,62,0,0,0,0,0,0,0,34,31,31,31,31,31,32,0,0,0,0,0,0,0,0,0,25
26,32,63,64,0,0,0,0,0,0,0,0,34,33,33,33,33,76,0,0,0,0,0,0,0,0,0,25
26,32,0,0,0,0,0,0,0,1,2,78,79,52,0,1,2,1,2,35,0,0,0,0,0,7,0,25
26,32,0,0,0,0,0,0,0,3,4,80,81,31,35,3,4,3,4,32,0,0,0,0,0,0,22,25
26,32,0,0,0,0,0,0,0,3,4,80,81,71,32,3,4,3,4,32,0,0,0,0,0,0,0,25
26,32,0,0,0,0,0,0,0,3,4,80,81,31,32,3,4,3,4,32,0,0,0,0,0,0,0,25
26,32,114,115,127,14,15,35,0,5,4,82,83,31,32,5,4,5,4,32,0,14,15,111,96,97,0,25
26,32,116,122,128,17,18,32,0,51,31,31,31,31,32,34,33,72,73,76,0,17,18,103,104,99,0,25
26,118,119,120,126,17,18,32,0,0,34,33,33,33,76,0,0,74,75,0,0,17,18,106,100,101,102,25
26,121,122,123,130,17,18,32,0,1,2,1,2,35,0,1,2,1,2,52,0,17,18,31,103,104,105,25
26,124,125,126,0,11,12,32,0,3,4,3,4,32,0,3,4,3,4,31,35,11,12,32,109,107,108,25
26,31,33,76,0,36,33,76,0,3,4,3,4,32,0,3,4,3,4,31,32,34,33,76,0,0,0,25
26,32,0,0,0,0,0,0,0,3,4,3,4,32,0,3,4,3,4,31,32,0,0,0,0,0,0,25
26,32,0,0,112,0,0,0,0,5,6,5,6,32,0,5,6,5,6,31,32,0,0,0,0,69,0,25
26,32,0,0,0,0,0,0,0,34,33,33,33,76,0,51,31,31,70,31,32,0,0,0,0,0,0,25
26,32,0,0,0,0,0,0,0,0,0,0,0,0,0,0,34,33,33,33,76,0,0,0,0,0,0,25
26,32,0,20,0,0,0,0,0,0,0,0,86,86,86,86,86,52,0,0,0,37,38,0,0,0,0,25
26,32,0,0,57,58,0,0,112,0,0,0,89,89,89,89,89,31,35,0,0,40,41,0,0,0,0,25
26,32,0,0,59,60,68,0,0,0,0,0,16,16,16,16,16,31,32,0,0,43,44,0,0,0,0,25
26,32,0,0,0,0,0,0,0,0,0,0,19,19,19,19,19,31,32,0,22,0,0,0,0,0,22,25
30,23,23,23,23,23,23,23,23,23,23,23,23,23,23,23,23,23,23,23,23,23,23,23,23,23,23,29
24,24,24,24,24,24,24,24,24,24,24,24,24,24,24,24,24,24,24,24,24,24,24,24,132,133,134,24
}

collision {
(32,800),(864,800),(864,32),(32,32),(32,800)
(288,384),(352,384),(352,224),(416,224),(416,384),(416,224),(288,224),(288,384)
(480,384),(608,384),(608,224),(480,224),(480,384)
(480,608),(608,608),(608,448),(480,448),(480,608)
(288,608),(416,608),(416,448),(288,448),(288,608)
(672,512),(736,512),(736,352),(672,352),(672,512)
(160,512),(224,512),(224,352),(160,352),(160,512)
(863,485),(793,352),(863,485)
(807,510),(738,376),(807,510)
(32,483),(104,354),(32,483)
(156,378),(89,509),(156,378)
(116,206),(101,165),(77,172),(91,216),(116,206)
(134,118),(176,106),(185,132),(136,147),(134,118)
(758,134),(776,108),(810,122),(796,155),(758,134)
(682,730),(695,704),(677,711),(678,704),(697,696),(726,715),(703,752),(682,730)
(135,742),(179,753),(183,729),(139,716),(135,742)
(512,96),(512,32),(352,32),(512,32),(512,160),(352,160),(352,96),(512,96)
(544,736),(384,736),(384,672),(544,672),(384,672),(384,800),(384,736),(544,736),(544,800),(544,736)
}

collisionPeople {
(253,133),(253,158),(225,157),(225,132),(253,133)
(830,224),(831,251),(801,251),(800,222),(830,224)
(657,108),(659,110),(659,111),(659,115),(659,117),(660,118),(662,120),(665,123),(667,124),(671,127),(671,127),(674,127),(678,127),(679,127),(682,131),(683,132),(688,131),(690,131),(695,135),(696,138),(696,141),(694,144),(691,145),(689,145),(689,145),(682,141),(678,140),(675,140),(672,139),(669,136),(665,136),(661,136),(657,135),(657,129),(650,123),(647,118),(648,111),(654,108),(657,108)
(418,306),(424,303),(426,297),(419,291),(418,306)
(806,578),(805,582),(805,585),(805,586),(807,591),(807,590),(805,595),(803,598),(802,600),(803,604),(806,604),(806,604),(813,603),(815,602),(818,599),(821,599),(826,596),(828,593),(832,590),(830,589),(825,588),(818,588),(818,584),(811,578),(806,578)
(589,637),(587,634),(587,623),(587,621),(591,620),(591,610),(602,610),(602,613),(600,615),(598,618),(598,625),(598,631),(595,638),(589,637)
(704,750),(705,757),(698,763),(671,748),(677,746),(682,733),(704,750)
(700,696),(713,672),(735,690),(726,713),(700,696)
(773,103),(754,93),(737,116),(756,130),(773,103)
(802,154),(817,159),(831,133),(815,124),(802,154)
(105,671),(103,672),(102,674),(100,675),(99,678),(99,683),(101,687),(104,690),(107,693),(111,697),(115,699),(119,702),(121,701),(122,700),(126,696),(126,694),(122,691),(122,689),(122,688),(116,688),(115,686),(111,679),(108,672),(105,671)
(216,738),(220,740),(220,742),(219,745),(219,748),(221,753),(222,757),(221,758),(220,762),(214,762),(211,764),(210,764),(205,761),(205,757),(204,758),(198,758),(194,756),(193,752),(194,748),(195,747),(198,747),(202,744),(203,741),(209,736),(215,735),(216,738)
}

spawns {
(1,784,656);(1,816,688);(1,784,720);(1,816,752);(1,785,779);(1,752,752);(1,816,624);(1,848,656);(1,848,720);(1,848,784);(1,752,688);(0,144,176);(0,176,208);(0,144,240);(0,176,272);(0,144,304);(0,208,304);(0,208,240);(0,208,176);(0,256,272);(0,112,272);(0,240,208)
}

waypoints {
(448,416);(624,208);(272,208);(272,624);(624,624);(800,432);(96,432);(432,704);(464,64);(256,416);(640,416);(448,192);(448,624);(832,64);(80,768);(112,576);(768,544);(112,80);(736,256)
}

guns {
}
