16,20
0,0,0,0,0,0,0,0,0,0,0,0,0,0,0,0
0,1,1,1,1,1,1,2,2,1,1,1,1,1,1,0
0,1,1,1,1,1,1,2,2,1,1,1,1,1,1,0
0,1,1,1,1,1,1,1,1,1,1,1,1,1,1,0
0,1,1,1,1,1,1,1,1,1,1,1,1,1,1,0
0,1,2,0,0,0,0,1,1,0,0,0,0,2,1,0
0,1,1,0,0,0,0,1,1,0,0,0,0,1,1,0
0,1,1,0,0,0,0,1,1,0,0,0,0,1,1,0
0,1,1,0,0,0,0,1,1,0,0,0,0,1,1,0
0,2,1,1,1,1,1,1,1,1,1,1,1,1,2,0
0,2,1,1,1,1,1,1,1,1,1,1,1,1,2,0
0,1,1,0,0,0,0,1,1,0,0,0,0,1,1,0
0,1,1,0,0,0,0,1,1,0,0,0,0,1,1,0
0,1,1,0,0,0,0,1,1,0,0,0,0,1,1,0
0,1,2,0,0,0,0,1,1,0,0,0,0,2,1,0
0,1,1,1,1,1,1,1,1,1,1,1,1,1,1,0
0,1,1,1,1,1,1,1,1,1,1,1,1,1,1,0
0,1,1,1,1,1,1,2,2,1,1,1,1,1,1,0
0,1,1,1,1,1,1,2,2,1,1,1,1,1,1,0
0,0,0,0,0,0,0,0,0,0,0,0,0,0,0,0
(32,32),(224,32),(224,96),(288,96),(288,32),(480,32),(480,288),(448,288),(448,352),(480,352),(480,608),(288,608),(288,544),(224,544),(224,608),(32,608),(32,352),(64,352),(64,288),(32,288),(32,32),(-1,-1),(64,160),(224,160),(224,288),(96,288),(96,192),(64,192),(64,160),(-1,-1),(96,352),(224,352),(224,480),(64,480),(64,448),(96,448),(96,352),(-1,-1),(288,160),(448,160),(448,192),(416,192),(416,288),(288,288),(288,160),(-1,-1),(288,352),(416,352),(416,448),(448,448),(448,480),(288,480),(288,352)
(96,96),(192,96),(320,96),(416,96)
(96,544),(192,544),(320,544),(416,544)
(48,128),(464,128),(48,224),(464,224),(96,320),(416,320),(48,416),(464,416),(48,512),(464,512),(256,128),(256,512),(256,320)
0:(96,96),1:(144,96),2:(192,96),3:(320,96),4:(369,96),5:(416,96),0:(96,544),1:(144,544),2:(192,544),3:(320,544),4:(369,544),5:(416,544),5:(96,144),4:(144,144),3:(192,144),2:(320,144),1:(369,144),0:(416,144),5:(96,496),4:(144,496),3:(192,496),2:(320,496),1:(369,496),0:(416,496)