tiles {
11,11,11,11,11,11,11,11,11,11,11,11,11,11,11,11,11,11,11,11,11,11,11,11,11,11,11,11,11,11,11,11,11,11,11,11,11,11,11,11,11,11,11,11,11
11,11,11,11,11,11,11,11,11,11,11,11,11,11,11,11,11,11,11,11,11,11,11,11,11,11,11,11,11,11,11,11,11,11,11,11,11,11,11,11,11,11,11,11,11
11,11,11,11,11,11,11,11,11,11,11,11,11,11,11,11,11,11,11,11,11,11,11,11,11,11,11,11,11,11,11,11,11,11,11,11,11,11,11,11,11,11,11,11,11
11,11,11,11,11,11,11,11,11,11,11,11,11,11,11,11,11,11,11,11,11,11,11,11,11,11,11,11,11,11,11,11,11,11,11,11,11,11,11,11,11,11,11,11,11
11,11,11,11,11,11,11,11,11,11,11,11,11,11,11,11,11,11,11,11,11,11,11,11,11,11,11,11,11,11,11,11,11,11,11,11,11,11,11,11,11,11,11,11,11
11,11,11,11,11,11,11,11,11,11,11,11,11,11,11,11,11,11,11,11,11,11,11,11,11,11,11,11,11,11,11,11,11,11,11,11,11,11,11,11,11,11,11,11,11
11,11,11,11,11,11,11,11,11,11,11,11,11,11,11,11,11,11,11,11,11,11,11,11,11,11,11,11,11,11,11,11,11,11,11,11,11,11,11,11,11,11,11,11,11
11,11,11,11,11,11,11,11,11,11,11,11,11,11,11,11,11,11,11,11,11,11,11,11,11,11,11,11,11,11,11,11,11,11,11,11,11,11,11,11,11,11,11,11,11
11,11,11,11,11,11,11,11,14,13,13,13,13,13,13,13,13,13,13,13,13,13,13,13,13,13,13,13,13,13,13,13,13,13,13,13,17,10,11,11,11,11,11,11,11
11,11,11,11,11,11,11,11,12,20,23,23,22,44,43,43,45,2,2,2,54,52,54,52,2,2,2,2,2,2,2,2,2,54,52,54,12,19,7,11,11,11,11,11,11
11,11,11,11,11,11,11,11,12,30,33,42,31,2,6,3,3,3,3,3,3,54,52,6,3,3,3,3,3,3,3,3,3,37,54,52,12,2,4,11,11,11,11,11,11
11,11,11,11,11,11,11,11,12,25,26,26,27,2,4,11,11,11,0,7,11,8,3,5,11,11,11,11,11,11,11,11,20,23,23,22,12,2,4,11,11,11,11,11,11
11,11,11,11,11,11,11,11,12,54,2,2,2,2,4,11,11,0,1,1,7,11,11,11,0,7,11,11,11,11,11,11,30,33,33,42,12,2,4,11,11,11,11,11,11
11,11,11,11,11,11,11,11,12,2,6,3,3,3,20,23,23,23,23,23,22,10,11,11,9,1,7,11,11,35,36,0,25,26,26,27,12,2,4,11,11,11,11,11,11
11,11,11,11,11,11,11,11,12,2,4,11,11,0,21,41,41,41,41,41,24,19,7,11,11,8,5,11,11,38,39,40,37,18,2,54,12,2,4,11,11,11,11,11,11
11,11,11,11,11,11,11,11,12,54,4,11,1,6,21,41,41,41,41,41,24,2,4,11,11,11,0,1,7,11,11,11,11,8,3,37,12,2,4,11,11,11,11,11,11
11,11,11,11,11,11,11,11,12,52,4,11,8,5,21,42,41,41,41,41,24,2,4,1,20,23,23,23,22,10,11,11,11,11,11,1,12,2,4,11,11,11,11,11,11
11,11,11,11,11,11,11,11,12,2,4,11,11,11,30,33,33,33,33,33,31,2,4,0,21,41,41,41,24,19,7,11,11,11,1,0,12,2,4,11,11,11,11,11,11
11,11,11,11,11,11,11,11,12,2,4,1,7,11,28,42,32,32,32,32,29,2,4,9,30,33,33,42,31,52,4,11,11,11,0,1,12,2,4,11,11,11,11,11,11
11,11,11,11,11,11,11,11,12,43,55,6,5,11,28,32,32,32,32,32,29,52,4,11,28,32,32,32,29,52,4,11,11,11,8,0,12,2,4,11,11,11,11,11,11
11,11,11,11,11,11,11,11,12,2,6,5,11,11,28,32,32,32,32,32,29,54,52,7,25,26,26,26,27,2,4,11,11,0,7,8,12,2,4,11,11,11,11,11,11
11,11,11,11,11,11,11,11,12,2,4,0,10,11,25,26,26,26,26,26,27,2,6,5,9,18,2,54,2,2,4,11,1,6,5,11,12,2,4,11,11,11,11,11,11
11,11,11,11,11,11,11,11,12,54,4,9,0,7,9,18,2,2,2,52,54,2,4,11,11,8,3,3,3,3,5,11,8,5,11,11,12,2,4,11,11,11,11,11,11
11,11,11,11,11,11,11,11,12,52,4,11,8,5,11,8,52,6,3,3,3,3,5,11,1,7,11,11,1,0,7,11,11,11,11,0,12,2,4,11,11,11,11,11,11
11,11,11,11,11,11,11,11,12,2,4,11,11,11,11,11,1,0,7,11,11,11,11,0,6,5,1,20,23,23,23,23,23,23,23,22,12,2,4,11,11,11,11,11,11
11,11,11,11,11,11,11,11,12,2,4,11,1,0,7,11,20,23,23,23,23,22,10,8,5,11,0,30,33,42,33,33,33,42,33,31,12,2,4,11,11,11,11,11,11
11,11,11,11,11,11,11,11,12,2,53,20,23,23,22,10,21,41,41,41,41,24,19,7,11,11,8,25,26,26,26,26,26,26,26,27,12,2,4,11,11,11,11,11,11
11,11,11,11,11,11,11,11,12,2,55,30,33,33,31,2,21,41,41,41,41,24,52,4,11,11,11,9,18,2,52,54,2,2,2,54,12,2,4,11,11,11,11,11,11
11,11,11,11,11,11,11,11,12,2,6,25,26,26,27,43,30,33,33,33,42,31,54,4,11,11,1,0,6,3,3,3,3,3,3,37,12,2,4,11,11,11,11,11,11
11,11,11,11,11,11,11,11,12,2,4,9,18,2,2,2,28,32,32,32,32,29,2,4,1,20,23,23,22,10,11,11,11,11,11,0,12,2,4,11,11,11,11,11,11
11,11,11,11,11,11,11,11,12,2,4,11,8,3,3,3,25,26,26,26,26,27,2,4,1,30,42,33,31,19,7,11,0,7,11,1,12,2,4,11,11,11,11,11,11
11,11,11,11,11,11,11,11,12,52,53,7,11,11,11,11,9,52,54,52,54,52,2,4,8,25,26,26,27,2,4,11,20,23,23,22,12,2,4,11,11,11,11,11,11
11,11,11,11,11,11,11,11,12,20,23,23,23,22,10,11,11,8,3,52,54,6,3,5,11,9,18,2,52,2,4,11,21,41,41,24,12,2,4,11,11,11,11,11,11
11,11,11,11,11,11,11,11,12,30,33,42,33,31,19,7,11,11,11,8,3,5,11,1,10,11,8,3,3,3,5,11,30,42,33,31,12,2,4,11,11,11,11,11,11
11,11,11,11,11,11,11,11,12,28,32,32,32,29,52,4,11,11,11,11,11,11,1,0,19,7,11,11,35,34,34,36,28,32,32,29,12,2,4,11,11,11,11,11,11
11,11,11,11,11,11,11,11,12,25,26,26,26,27,54,4,11,11,1,0,1,0,0,0,0,4,11,11,38,39,39,39,25,26,26,27,12,2,4,11,11,11,11,11,11
11,11,11,11,11,11,11,11,15,13,13,13,13,13,13,13,13,13,13,13,13,13,13,13,13,13,13,13,13,13,13,13,13,13,13,13,16,2,4,11,11,11,11,11,11
11,11,11,11,11,11,11,11,9,18,2,2,2,2,2,2,2,2,2,2,2,2,2,2,2,2,2,2,2,2,2,2,2,2,2,2,2,2,4,11,11,11,11,11,11
11,11,11,11,11,11,11,11,11,8,3,3,3,3,3,3,3,3,3,3,3,3,3,3,3,3,3,3,3,3,3,3,3,3,3,3,3,3,5,11,11,11,11,11,11
11,11,11,11,11,11,11,11,46,47,48,49,50,51,11,11,11,11,11,11,11,11,11,11,11,11,11,11,11,11,11,11,11,11,11,11,11,11,11,11,11,11,11,11,11
11,11,11,11,11,11,11,11,11,11,11,11,11,11,11,11,11,11,11,11,11,11,11,11,11,11,11,11,11,11,11,11,11,11,11,11,11,11,11,11,11,11,11,11,11
11,11,11,11,11,11,11,11,11,11,11,11,11,11,11,11,11,11,11,11,11,11,11,11,11,11,11,11,11,11,11,11,11,11,11,11,11,11,11,11,11,11,11,11,11
11,11,11,11,11,11,11,11,11,11,11,11,11,11,11,11,11,11,11,11,11,11,11,11,11,11,11,11,11,11,11,11,11,11,11,11,11,11,11,11,11,11,11,11,11
11,11,11,11,11,11,11,11,11,11,11,11,11,11,11,11,11,11,11,11,11,11,11,11,11,11,11,11,11,11,11,11,11,11,11,11,11,11,11,11,11,11,11,11,11
11,11,11,11,11,11,11,11,11,11,11,11,11,11,11,11,11,11,11,11,11,11,11,11,11,11,11,11,11,11,11,11,11,11,11,11,11,11,11,11,11,11,11,11,11
}

collision {
(416,384),(320,384),(320,416),(288,416),(288,480),(320,480),(320,544),(288,544),(288,704),(320,704),(320,768),(288,768),(288,992),(320,992),(352,992),(352,1024),(448,1024),(448,1088),(480,1088),(480,1152),(576,1152),(576,1120),(704,1120),(704,1088),(736,1088),(736,1056),(768,1056),(768,1120),(800,1120),(800,1152),(1024,1152),(1024,960),(1056,960),(1056,992),(1120,992),(1120,928),(1152,928),(1152,896),(1120,896),(1120,864),(1024,864),(1024,896),(960,896),(960,864),(864,864),(864,832),(832,832),(832,768),(896,768),(896,736),(960,736),(960,768),(1120,768),(1120,736),(1152,736),(1152,640),(1120,640),(1120,608),(1088,608),(1088,544),(1120,544),(1120,512),(1152,512),(1152,480),(1120,480),(1120,448),(992,448),(992,416),(1024,416),(1024,352),(1088,352),(1088,320),(1056,320),(1056,288),(768,288),(768,320),(736,320),(736,352),(672,352),(672,320),(640,320),(640,288),(416,288),(416,384)
(448,480),(416,480),(416,512),(384,512),(384,480),(416,480),(416,448),(448,448),(448,416),(544,416),(544,384),(576,384),(576,352),(608,352),(608,384),(640,384),(640,416),(672,416),(672,608),(704,608),(704,640),(736,640),(736,672),(672,672),(672,736),(608,736),(608,704),(448,704),(448,480)
(736,576),(768,576),(768,672),(864,672),(864,704),(896,704),(896,672),(928,672),(928,640),(960,640),(960,576),(928,576),(928,512),(896,512),(896,480),(832,480),(832,512),(736,512),(736,576)
(768,736),(768,768),(736,768),(736,800),(768,800),(768,768),(800,768),(800,736),(768,736)
(512,992),(544,992),(544,1024),(608,1024),(608,1056),(672,1056),(672,1024),(704,1024),(704,928),(736,928),(736,864),(704,864),(704,800),(576,800),(576,768),(544,768),(544,736),(512,736),(512,992)
(384,800),(384,832),(320,832),(320,896),(352,896),(352,928),(480,928),(480,832),(448,832),(448,800),(384,800)
(768,992),(800,992),(800,1024),(896,1024),(896,1056),(928,1056),(928,928),(896,928),(896,896),(832,896),(832,928),(768,928),(768,992)
(1024,672),(1056,672),(1056,640),(1088,640),(1088,672),(1056,672),(1056,704),(1024,704),(1024,672)
(768,416),(800,416),(800,448),(832,448),(832,416),(800,416),(800,384),(768,384),(768,416)
(320,640),(352,640),(352,608),(384,608),(384,576),(352,576),(352,608),(320,608),(320,640),(320,640)
(352,704),(384,704),(384,736),(416,736),(416,704),(384,704),(384,672),(352,672),(352,704)
}

collisionPeople {
(928,444),(992,444),(992,448),(928,448),(928,444)
(1024,1116),(1024,1120),(896,1120),(896,1116),(1024,1116)
(480,928),(512,928),(512,924),(480,924),(480,928)
(320,636),(320,640),(288,640),(288,636),(320,636)
(416,316),(544,316),(544,320),(416,320),(416,316)
}

buyzones {
(0,448,992,672,1152)
(1,864,288,1120,448)
}

spawns {
(0,512,1056);(0,512,1104);(0,576,1056);(0,576,1104);(1,928,320);(1,992,368);(1,992,320);(1,928,368)
}

waypoints {
(960,352);(896,352);(896,416);(832,352);(768,352);(704,496);(720,448);(800,480);(928,480);(704,496);(736,400);(704,560);(736,608);(752,688);(720,720);(784,720);(832,736);(880,736);(928,704);(1024,576);(1008,624);(1024,576);(976,672);(1024,528);(992,496);(704,768);(656,768);(496,720);(736,816);(576,720);(496,720);(608,768);(496,784);(416,784);(336,784);(336,720);(336,656);(432,656);(416,560);(368,528);(352,464);(352,416);(400,416);(464,384);(512,352);(560,336);(624,336);(672,384);(304,816);(304,912);(368,976);(464,976);(496,1024);(544,1088);(624,1088);(688,1072);(720,1040);(736,992);(912,880);(768,880);(816,880);(864,880);(912,880);(752,944);(944,912);(976,944);(976,992);(976,1040);(976,1088);(912,1088);(848,1088);(800,1088);(784,1040)
}

guns {
}
