tiles {
165,164,72,72,72,72,72,72,121,121,120,121,121,200,121,120,13,41,87,37,41,157,151,151,182,31,31,31,31,31
72,72,72,72,72,72,72,72,121,121,157,121,121,121,121,203,13,40,37,37,40,181,151,162,182,31,31,31,31,162
72,72,72,72,72,72,72,72,121,121,121,121,121,121,121,121,13,41,37,52,41,181,151,163,182,31,31,31,31,163
72,72,72,72,72,72,72,13,121,121,121,121,121,121,121,121,84,40,37,67,40,181,151,151,182,31,31,31,31,31
72,72,72,13,13,13,13,13,118,121,121,121,121,120,121,121,84,41,37,37,41,181,190,191,182,31,31,31,31,162
73,73,73,73,73,165,164,13,119,121,121,121,121,121,121,121,84,40,37,37,40,181,151,151,158,31,31,31,48,163
73,73,73,73,73,73,73,13,121,121,121,13,13,74,74,74,13,41,37,37,41,181,151,151,182,31,31,31,47,31
73,73,73,73,73,73,73,73,121,121,121,74,74,74,74,74,13,40,48,67,40,181,151,151,182,31,31,31,46,31
73,73,73,73,73,73,73,73,121,120,121,74,74,74,74,74,13,41,47,37,41,181,159,151,182,31,31,31,31,31
73,73,73,73,73,73,73,73,121,121,121,74,74,75,75,75,13,40,46,37,40,181,151,151,182,31,31,31,31,31
82,82,82,13,13,13,13,13,82,82,82,13,13,13,13,13,13,37,37,37,37,181,151,151,182,31,31,31,31,31
49,49,49,49,49,49,49,49,49,49,49,49,49,49,49,49,49,37,37,37,37,37,37,37,37,49,49,49,49,49
38,39,38,28,29,30,38,39,38,39,38,39,38,39,38,39,38,39,38,39,38,39,38,39,38,201,202,39,38,39
37,37,37,67,37,37,37,37,37,37,37,37,37,51,37,37,87,37,37,37,37,37,37,37,37,37,37,65,66,37
39,38,39,38,39,201,202,38,39,38,39,38,39,38,39,38,39,43,43,43,43,43,43,43,43,43,43,43,43,43
50,50,50,50,50,50,50,50,50,50,50,50,50,50,50,50,50,11,11,11,12,12,12,11,11,12,11,12,12,12
22,22,22,22,184,184,184,184,184,184,22,22,22,22,184,184,184,12,11,11,11,12,11,12,12,12,11,12,11,12
34,34,34,34,34,34,34,34,34,34,34,34,34,34,34,185,184,42,42,42,42,58,59,60,42,42,42,28,29,30
34,34,34,34,34,34,34,34,34,34,34,34,34,34,34,34,22,37,37,37,37,37,37,37,37,37,37,37,37,37
200,34,34,34,185,185,185,34,34,34,34,34,34,34,34,34,22,49,49,49,49,49,49,49,49,49,49,49,49,49
}

collision {
(544,320),(544,352),(352,352),(352,320),(544,320)
(544,192),(512,192),(512,352),(544,352),(544,192)
(352,224),(416,224),(416,192),(352,192),(352,224)
(96,352),(256,352),(256,320),(96,320),(96,352)
(256,128),(256,160),(96,160),(96,128),(256,128)
(224,224),(256,224),(256,96),(224,96),(224,224)
(512,96),(544,96),(544,0),(512,0),(512,96)
(416,32),(448,32),(448,0),(416,0),(416,32)
(224,160),(224,192),(160,192),(160,160),(224,160)
(0,0),(64,0),(64,32),(0,32),(0,0)
(224,640),(224,608),(128,608),(128,640),(128,640),(128,640),(128,640),(224,640)
(128,544),(320,544),(320,512),(128,512),(128,544)
(448,544),(544,544),(544,512),(448,512),(448,544)
(544,544),(544,576),(480,576),(480,544),(544,544)
}

collisionPeople {
(96,416),(192,416),(192,384),(96,384),(96,416)
(160,480),(224,480),(224,448),(160,448),(160,480)
(800,384),(800,416),(832,416),(864,416),(864,384),(800,384),(832,384),(800,384)
(768,576),(672,576),(768,576)
(768,576),(768,544),(768,576)
(672,576),(672,544),(672,576)
(544,512),(544,480),(544,512)
(544,576),(544,544),(544,512),(544,576)
(864,576),(864,544),(864,576)
(960,576),(864,576),(960,576)
(960,544),(960,576),(960,544)
(896,192),(928,192),(960,192),(960,128),(896,192)
(928,160),(928,256),(896,256),(896,192),(896,160),(928,160)
(960,128),(928,128),(928,160),(960,128)
(928,96),(960,96),(960,32),(928,32),(928,96)
(736,96),(768,96),(768,32),(736,32),(736,96)
(704,160),(768,160),(768,128),(704,128),(704,160)
(576,320),(608,320),(608,224),(576,224),(576,320)
(0,640),(32,640),(32,608),(0,608),(0,640)
(0,0),(0,640),(960,640),(960,0),(0,0)
(512,320),(512,288),(416,288),(416,320),(512,320)
}

buyzones {
(0,96,384,960,640)
(1,0,0,512,320)
}

spawns {
(0,896,512);(0,928,544);(1,416,96);(0,736,544);(0,704,544);(0,640,512);(0,672,512);(0,928,512);(0,896,512);(1,96,32);(1,128,32);(1,128,64);(1,96,64);(1,128,32);(1,160,32);(1,160,64);(1,192,32);(1,192,64);(1,224,32);(1,224,64);(1,416,64);(1,384,64);(1,384,96);(1,416,96);(1,64,32);(1,32,32);(1,896,224);(1,896,192);(1,736,128);(0,800,512);(0,768,512);(1,416,128);(1,384,128);(1,64,64);(1,32,64);(1,864,288);(1,928,288);(1,896,288);(1,896,320);(1,864,320);(1,928,320);(1,704,224);(1,736,224);(1,768,224);(1,768,256);(1,736,256);(1,704,256);(1,64,256);(1,96,256);(1,96,288);(1,64,288);(1,128,256);(1,128,288);(1,320,256);(1,288,256);(1,288,288);(1,320,288)
}

waypoints {
(384,416);(32,64);(384,64);(32,416);(640,160);(704,352);(320,192);(64,256)
}

guns {
(9,928,544);(9,928,544);(9,928,512);(9,896,512);(9,800,512);(9,768,512);(9,736,544);(9,704,544);(9,640,512);(9,672,512)
}
