tiles {
1,1,1,1,1,1,1,1,1,1,1,1,1,1,1,1,1,1,1,1,1,1,1,1
1,1,1,1,1,1,1,1,1,1,1,1,1,1,1,1,1,1,1,1,1,1,1,1
5,0,0,0,0,0,0,6,1,1,1,1,1,1,1,1,5,0,0,0,0,0,0,6
0,1,1,1,1,1,1,0,1,1,1,1,1,1,1,1,0,1,1,1,1,1,1,0
0,1,1,1,1,1,1,0,1,1,1,1,1,1,1,1,0,1,1,1,1,1,1,0
0,1,1,1,1,1,1,0,0,0,0,0,0,0,0,0,0,1,1,1,1,1,1,0
0,1,1,5,6,1,1,1,1,2,1,1,1,1,1,1,1,1,1,5,6,1,1,0
0,1,1,0,0,1,1,1,1,2,1,1,1,1,1,1,1,1,1,0,0,1,1,0
0,1,1,0,0,1,1,1,1,1,1,1,1,1,2,1,1,1,1,0,0,1,1,0
0,1,1,4,3,1,1,1,1,1,1,1,1,1,2,1,1,1,1,4,3,1,1,0
0,1,1,1,1,1,1,0,0,0,0,0,0,0,0,0,0,1,1,1,1,1,1,0
0,1,1,1,1,1,1,0,1,1,1,1,1,1,1,1,0,1,1,1,1,1,1,0
0,1,1,1,1,1,1,0,1,1,1,1,1,1,1,1,0,1,1,1,1,1,1,0
4,0,0,0,0,0,0,3,1,1,1,1,1,1,1,1,4,0,0,0,0,0,0,3
1,1,1,1,1,1,1,1,1,1,1,1,1,1,1,1,1,1,1,1,1,1,1,1
1,1,1,1,1,1,1,1,1,1,1,1,1,1,1,1,1,1,1,1,1,1,1,1
}

collision {
(96,288),(128,320),(160,288),(160,224),(128,192),(96,224),(96,288)
(608,288),(640,320),(672,288),(672,224),(640,192),(608,224),(608,288)
(32,416),(224,416),(224,320),(544,320),(544,416),(736,416),(736,96),(544,96),(544,192),(224,192),(224,96),(32,96),(32,416)
}

collisionPeople {
(480,256),(480,320),(448,320),(448,256),(480,256)
(320,192),(320,256),(288,256),(288,192),(320,192)
}

buyzones {
(0,16,80,160,432)
(1,608,80,752,432)
}

spawns {
(0,64,128);(0,64,208);(0,64,304);(0,64,384);(1,704,128);(1,704,208);(1,704,304);(1,704,384)
}

waypoints {
(64,256);(64,160);(64,352);(192,160);(192,352);(192,256);(256,224);(256,288);(512,288);(512,224);(384,288);(384,224);(576,256);(576,160);(576,352);(704,352);(704,160);(704,256)
}

guns {
(17,128,128);(18,128,160);(11,128,352);(13,128,384);(17,640,128);(18,640,160);(11,640,352);(13,640,384);(14,224,256)
}
