tiles {
1,1,1,1,1,1,1,1,1,1,1,1,1,1,1,1,1,1,1,1,1,1,1,1,1,12,13,14,1,1
1,1,1,1,1,1,1,1,1,1,1,1,1,1,1,1,1,1,1,1,1,1,5,0,0,0,0,0,0,1
1,1,1,1,1,1,2,0,0,3,1,1,1,1,1,1,1,2,0,3,1,1,2,0,0,0,0,0,0,1
1,1,1,0,0,0,0,0,0,0,0,0,0,0,0,0,0,0,0,0,3,2,0,0,0,0,0,0,0,1
1,1,1,0,0,0,0,0,0,0,0,0,0,0,4,5,0,0,0,0,0,0,0,0,0,6,6,6,6,1
1,1,1,0,0,0,0,0,0,0,0,0,0,0,3,1,1,5,0,0,0,0,3,1,1,1,1,1,1,1
1,1,2,0,0,0,6,6,0,0,0,0,0,0,0,3,1,1,5,0,0,0,0,3,1,1,1,1,1,1
1,1,0,0,0,0,6,6,0,0,0,0,0,0,0,0,3,1,2,0,0,0,0,0,3,1,1,1,1,1
1,1,0,0,0,0,1,1,1,1,1,1,5,0,0,0,0,0,0,0,0,0,0,0,0,3,1,1,1,1
1,1,0,0,0,4,1,1,1,1,1,1,1,5,0,0,0,0,0,6,0,0,1,5,0,0,3,1,1,1
1,1,0,0,4,1,1,1,1,1,1,1,1,1,1,5,0,0,0,0,0,0,1,1,0,0,0,3,1,1
1,1,7,7,1,1,1,1,1,1,1,1,1,1,1,1,5,0,0,0,0,0,1,1,0,0,0,0,1,1
1,1,7,7,1,1,1,1,1,10,7,7,7,7,7,7,7,0,0,0,0,0,1,1,0,0,0,0,1,1
1,1,7,7,1,1,1,1,10,7,7,7,7,7,7,7,7,0,0,0,0,0,1,1,0,0,0,0,1,1
1,1,7,7,1,1,1,10,7,7,8,1,1,1,1,1,1,0,0,0,0,4,1,10,0,0,0,0,1,1
1,1,7,7,1,1,10,7,7,8,1,1,1,1,1,1,1,0,0,0,4,1,10,7,0,0,0,0,1,1
1,1,7,7,1,10,7,7,8,1,1,1,1,1,1,1,2,0,0,0,1,10,7,7,0,0,0,0,1,1
1,1,7,7,10,7,7,7,1,1,1,1,1,1,1,1,0,0,0,0,10,7,7,7,0,0,0,0,1,1
1,1,7,7,7,7,7,7,1,1,1,1,1,1,1,1,0,0,0,0,7,7,7,8,0,6,5,0,1,1
1,1,7,7,7,8,7,7,1,1,1,1,1,1,1,1,0,0,0,0,7,7,8,1,0,1,1,0,1,1
1,1,7,7,8,1,7,7,1,1,1,1,1,1,1,1,0,0,0,0,7,8,1,1,0,1,1,0,1,1
1,10,7,7,1,1,7,7,1,1,1,1,1,1,1,1,0,0,0,0,8,1,1,1,0,3,2,0,1,1
1,7,7,7,1,1,7,7,1,1,1,1,1,1,1,10,0,0,0,0,1,1,1,1,0,0,0,0,1,1
1,7,7,7,7,7,7,7,7,7,11,1,1,1,10,7,0,0,0,0,1,1,1,1,0,0,0,0,1,1
1,7,7,7,7,7,7,7,7,7,7,11,1,10,7,7,0,0,0,0,6,6,6,6,0,0,0,0,1,1
1,7,7,7,7,7,1,1,1,9,7,7,7,7,7,7,0,0,0,0,0,0,0,0,0,0,0,0,1,1
1,7,7,7,7,7,1,1,1,1,9,7,7,7,7,8,1,5,0,0,0,0,0,0,0,0,0,4,1,1
1,7,7,7,6,6,1,1,1,1,1,9,7,7,8,1,1,1,0,0,0,4,1,1,1,1,1,1,1,1
1,7,7,7,6,6,1,1,1,1,1,1,1,1,1,1,1,1,5,0,4,1,1,1,1,1,1,1,1,1
1,12,13,14,1,1,1,1,1,1,1,1,1,1,1,1,1,1,1,1,1,1,1,1,1,1,1,1,1,1
}

collision {
(256,256),(384,256),(448,320),(480,320),(544,384),(320,384),(128,576),(128,352),(192,288),(192,256),(192,192),(256,192),(256,256)
(32,704),(64,672),(64,224),(96,192),(96,96),(192,96),(224,64),(288,64),(320,96),(544,96),(576,64),(608,64),(672,128),(736,64),(704,32),(928,32),(928,128),(800,128),(800,160),(704,160),(896,352),(896,832),(864,864),(704,864),(640,928),(608,928),(576,896),(576,864),(544,832),(512,832),(448,896),(384,896),(288,800),(192,800),(192,864),(128,864),(128,928),(32,928),(32,704)
(128,672),(192,608),(192,736),(128,736),(128,672)
(320,736),(384,800),(416,800),(512,704),(512,544),(544,512),(544,448),(352,448),(256,544),(256,736),(320,736)
(608,288),(640,288),(640,320),(608,320),(608,288)
(448,160),(480,128),(512,160),(544,160),(608,224),(576,256),(544,256),(448,160)
(640,704),(768,576),(768,800),(640,800),(640,704)
(768,448),(768,320),(736,288),(704,288),(704,448),(640,512),(640,576),(768,448)
(800,672),(832,704),(864,672),(864,608),(832,576),(800,576),(800,672)
}

spawns {
(1,48,752);(1,112,752);(1,176,752);(1,80,784);(1,144,784);(1,48,816);(1,112,816);(1,176,816);(1,80,848);(1,144,848);(1,48,880);(1,112,880);(0,784,64);(0,752,64);(0,816,64);(0,848,64);(0,880,64);(0,912,64);(0,752,112);(0,784,112);(0,816,112);(0,848,112);(0,880,112);(0,912,112)
}

waypoints {
(96,704);(96,624);(96,544);(96,480);(96,416);(96,336);(96,272);(144,208);(240,144);(320,160);(352,224);(416,128);(560,128);(640,160);(448,256);(544,304);(640,240);(672,288);(640,352);(736,256);(816,336);(816,448);(864,480);(752,528);(688,592);(608,640);(560,704);(512,768);(480,816);(416,832);(368,816);(320,800);(288,768);(240,768);(224,704);(224,640);(160,592);(224,544);(272,480);(336,432);(400,416);(448,416);(528,416);(592,400);(592,480);(576,576);(784,624);(800,560);(880,640);(800,736);(864,736);(800,800);(720,848);(624,832);(576,768);(688,144);(736,112);(816,80);(880,80);(96,768);(80,848);(144,800)
}

guns {
(18,48,816);(18,112,880);(18,112,816);(18,48,752);(18,176,816);(18,48,880);(18,112,752);(18,176,752);(18,144,784);(18,80,784);(18,80,848);(18,144,848);(17,752,64);(17,784,64);(17,816,64);(17,848,64);(17,880,64);(17,912,64);(17,752,112);(17,784,112);(17,816,112);(17,848,112);(17,880,112);(17,912,112);(23,784,784);(23,176,272)
}
