tiles {
542,542,542,542,542,542,542,542,542,542,542,542,542,542,542,542,542,542,542,542,542,542,542,542,542,542,542,542,542,542
542,542,542,542,542,542,542,542,542,542,542,542,542,542,542,542,542,542,542,542,542,542,542,542,542,542,542,542,542,542
542,542,542,542,542,542,542,542,542,542,542,542,542,542,542,542,542,542,542,542,542,542,542,542,542,542,542,542,542,542
542,542,542,542,542,542,542,542,542,542,542,542,542,542,542,542,542,542,542,542,542,542,542,542,542,542,542,542,542,542
542,542,542,542,542,542,542,542,542,542,542,542,542,542,542,542,542,542,542,542,542,542,542,542,542,542,542,542,542,542
542,542,542,542,542,542,542,542,542,542,542,542,542,542,542,542,542,542,542,542,542,542,542,542,542,542,542,542,542,542
542,542,542,542,542,542,542,542,542,542,542,542,542,542,542,542,542,542,542,542,542,542,542,542,542,542,542,542,542,542
542,542,542,542,542,542,542,542,542,542,542,542,542,542,542,542,542,542,542,542,542,542,542,542,542,542,542,542,542,542
542,542,542,542,542,542,542,542,542,542,542,542,542,542,542,542,542,542,542,542,542,542,542,542,542,542,542,542,542,542
542,542,542,542,542,542,542,542,542,542,542,542,542,542,542,542,542,542,542,542,542,542,542,542,542,542,542,542,542,542
542,542,542,542,542,542,542,542,542,542,542,542,542,542,542,542,542,542,542,542,542,542,542,542,542,542,542,542,542,542
542,542,542,542,542,542,542,542,542,542,542,542,542,542,542,542,542,542,542,542,542,542,542,542,542,542,542,542,542,542
542,542,542,542,542,542,542,542,542,542,542,542,542,542,542,542,542,542,542,542,542,542,542,542,542,542,542,542,542,542
542,542,542,542,542,542,542,542,542,542,542,542,542,542,542,542,542,542,76,542,76,76,76,76,76,76,76,76,76,76
76,76,76,76,76,76,76,76,76,76,76,76,76,76,76,76,76,76,76,76,76,76,76,76,76,76,76,76,76,76
76,76,76,76,76,76,76,76,76,76,76,76,76,76,76,76,76,76,76,76,76,76,76,76,76,76,76,76,76,76
76,76,76,76,76,76,76,76,76,76,76,76,76,76,76,76,76,76,76,76,76,76,76,76,76,76,76,76,76,76
76,76,76,76,76,76,76,76,76,76,76,76,76,76,76,76,76,76,76,76,76,76,76,76,76,76,76,76,76,76
76,76,76,76,76,76,76,76,76,76,76,76,65,76,76,76,76,76,76,76,76,76,76,76,76,76,76,76,76,76
76,76,76,76,76,76,76,106,97,99,76,76,76,76,76,76,76,76,76,76,76,76,76,76,76,76,76,76,65,76
387,387,387,387,387,387,387,387,473,473,387,387,387,387,387,387,398,780,781,780,781,84,65,780,781,76,780,781,76,76
50,50,50,50,50,50,50,50,50,50,50,50,50,50,50,50,386,784,785,784,785,1200,1200,784,785,1200,784,785,542,542
50,50,50,50,50,50,50,50,50,50,50,126,50,50,65,50,386,161,161,161,161,161,161,161,161,161,161,161,161,137
50,126,50,65,50,159,50,50,50,50,50,50,50,50,50,50,386,161,161,161,161,161,161,161,161,161,161,58,106,58
50,50,50,50,50,50,50,50,50,126,50,50,50,50,106,50,386,161,161,161,161,161,67,68,69,137,161,58,58,58
50,50,50,106,50,50,126,50,50,50,50,50,50,50,50,50,386,161,161,161,161,161,106,120,161,161,161,58,126,58
50,50,50,50,159,50,50,50,50,131,132,50,50,50,50,50,123,161,126,161,161,161,161,161,161,161,136,58,58,58
50,106,50,65,50,50,50,106,50,133,134,66,50,50,126,50,123,161,161,161,161,161,67,68,69,137,87,161,58,58
97,98,99,527,126,50,50,50,50,106,50,50,50,50,50,50,386,76,161,161,76,161,161,161,161,161,86,89,89,89
100,159,547,50,50,50,159,50,50,50,50,50,106,50,50,50,386,104,105,125,125,163,101,101,168,161,85,67,68,69
}

collision {
}

collisionPeople {
(736,832),(544,832),(544,832),(544,832),(672,704),(544,704),(736,832)
}

buyzones {
(0,704,768,864,960)
(1,288,832,352,896)
}

spawns {
(0,928,896);(0,704,832);(0,800,928);(0,896,928);(0,832,768);(0,672,896);(0,800,832);(0,800,832);(0,928,832);(0,864,800);(0,768,832);(0,768,832);(0,736,832);(0,832,832);(0,768,768);(0,736,768);(0,768,800);(0,736,800);(0,928,928);(0,736,928)
}

waypoints {
(672,864);(608,864);(640,864);(672,896);(704,928);(768,896);(800,928);(896,896);(864,864);(864,832);(800,832);(736,832);(768,832);(640,832);(672,832);(576,864);(544,864);(512,864);(448,864);(416,864);(384,864);(352,864);(320,864);(256,864);(160,864);(128,864);(96,864);(64,864);(96,832);(96,800);(64,768);(64,768);(64,768);(160,768);(256,768);(256,768);(288,896);(224,896);(160,928);(96,928);(128,960);(224,960);(288,928);(384,896);(384,768);(320,768);(224,768);(352,736);(448,768);(384,704);(256,704);(96,736);(32,736);(96,704);(224,704);(192,672);(96,704);(64,736);(32,704);(64,704);(96,704);(160,704);(192,704);(256,704);(320,736);(352,832);(352,800);(320,800);(224,800);(224,800);(224,800);(256,864);(256,896);(320,896);(480,864);(352,736);(256,704);(224,768);(384,800);(416,864);(896,864);(928,864);(832,768);(832,800);(832,832);(736,768);(704,768);(672,768);(672,800);(672,800);(672,832);(800,768);(768,768);(672,896);(704,896);(800,864);(800,896);(448,832);(416,832);(320,736);(224,736);(192,768);(192,832);(256,864)
}

guns {
(2,464,96);(8,864,832);(8,736,832);(8,768,832);(8,800,832);(8,704,896);(8,736,896);(8,800,896);(8,768,896);(8,864,896);(8,864,896);(8,864,928);(8,864,864);(8,864,832);(5,128,928);(5,32,928);(15,32,864);(26,96,896);(18,96,864);(18,288,672)
}
