tiles {
15,15,15,15,15,10,15,15,15,15,15,15,15,14,14,14,14,14,14,14,14,14,15,15,2,41,41,41,41,41,41
15,15,10,10,10,10,15,15,15,15,15,15,15,14,14,14,14,14,14,14,14,14,15,15,15,2,41,41,41,41,41
15,15,10,60,60,62,15,76,15,15,15,15,15,14,14,14,14,14,14,14,14,14,15,15,15,2,41,41,41,41,41
15,15,10,60,60,62,15,76,15,15,15,15,15,14,14,14,14,14,14,14,14,14,15,15,15,15,39,41,41,41,41
15,15,10,60,60,10,15,15,15,15,15,15,15,14,14,14,14,14,14,14,14,14,15,15,15,15,39,41,41,41,41
15,15,10,60,60,10,15,15,15,15,15,15,22,14,14,14,14,14,14,14,14,14,15,15,15,15,15,39,39,41,41
15,15,10,60,60,10,15,15,15,15,15,15,15,15,15,15,15,14,14,14,15,15,15,15,15,15,15,39,39,41,41
15,15,10,60,60,10,15,15,15,15,15,15,15,15,15,15,15,14,14,14,15,15,15,15,39,15,15,15,39,41,41
15,15,10,60,60,10,15,15,15,15,15,15,15,15,15,15,15,14,14,14,15,15,15,15,15,15,15,15,15,39,39
15,15,10,60,60,10,15,15,15,15,15,15,15,15,15,15,15,14,14,14,15,15,15,15,15,15,15,15,15,15,39
15,15,10,60,60,10,15,15,15,15,15,15,15,15,15,14,14,14,14,14,14,15,15,15,15,15,15,15,15,15,15
15,15,10,60,60,10,15,15,15,15,15,15,15,15,15,14,14,14,14,14,14,15,15,15,15,15,15,10,10,10,10
15,15,10,60,60,10,15,15,15,15,15,15,15,15,15,20,15,15,15,15,15,15,15,15,15,15,15,15,15,15,10
41,10,10,15,15,10,10,41,41,41,15,15,15,15,15,15,15,15,15,15,15,15,15,15,15,15,15,26,15,15,10
41,10,15,15,15,15,10,41,41,41,15,15,15,15,15,15,15,15,15,15,15,15,15,15,15,15,15,25,15,15,10
41,10,15,70,71,15,10,41,41,41,15,15,15,15,15,15,15,15,15,15,15,15,15,15,15,15,15,24,15,15,10
41,10,15,72,73,15,10,41,41,41,15,15,15,15,15,15,15,15,15,15,15,15,15,15,15,15,15,15,15,15,10
41,10,15,15,15,15,10,41,41,41,15,15,15,15,15,15,15,15,15,15,15,15,15,15,15,15,15,15,15,15,10
41,10,15,15,15,15,10,41,41,41,15,15,15,15,15,15,10,10,10,10,10,10,10,10,10,10,10,10,10,10,10
41,10,15,15,15,15,10,41,41,41,15,15,15,15,15,15,10,10,10,10,10,10,10,10,10,10,10,10,10,10,10
41,10,10,10,10,10,10,41,41,41,15,15,15,15,15,15,10,10,10,10,10,10,10,10,10,10,10,10,10,10,10
41,41,41,41,41,41,41,41,41,41,15,15,15,15,15,15,10,10,10,10,10,10,10,10,10,10,10,10,10,10,10
41,41,41,41,41,41,41,41,41,41,15,15,15,15,15,15,10,10,10,10,10,10,10,10,10,10,10,10,10,10,10
41,41,41,41,32,33,34,35,41,41,15,15,15,15,15,15,10,10,10,10,10,10,10,10,10,10,10,10,10,10,10
41,41,41,41,41,41,41,41,41,41,15,15,15,15,15,15,15,15,15,15,15,15,15,15,15,15,15,15,15,15,15
41,41,41,41,41,41,41,41,41,41,15,15,15,15,15,15,15,45,15,15,15,15,15,15,15,15,15,15,15,15,15
41,41,41,41,41,41,41,41,41,41,15,15,15,43,44,15,15,15,15,15,15,15,15,15,15,15,15,15,15,15,15
41,41,41,41,41,41,41,41,41,41,15,15,15,15,15,15,15,15,15,15,15,15,15,15,15,15,15,15,15,15,15
10,10,10,10,10,10,10,10,10,10,10,10,10,10,10,10,10,9,9,9,10,100,100,100,46,10,42,10,42,10,10
10,9,9,110,9,9,9,110,9,9,9,110,9,9,9,110,9,9,9,9,10,100,100,100,99,99,99,99,96,97,10
10,9,9,109,2,9,9,109,50,9,9,109,39,9,9,109,2,9,9,9,10,100,100,100,100,100,100,100,100,100,10
10,9,9,109,2,9,9,109,40,9,9,109,40,9,9,109,39,9,9,9,10,100,100,100,100,100,100,100,100,100,10
10,9,9,109,2,9,9,109,39,9,9,109,39,9,9,109,2,9,9,9,10,100,100,100,100,100,100,100,100,100,10
10,9,9,111,2,9,9,111,2,9,9,111,49,9,9,111,2,9,9,9,10,100,100,100,100,100,100,100,101,100,10
10,103,104,105,106,9,103,104,105,106,9,103,104,105,106,9,103,104,105,106,10,100,100,100,100,100,100,100,100,100,10
10,10,10,10,10,10,10,10,10,10,10,10,10,10,10,10,10,10,10,10,10,10,10,10,10,10,10,10,10,10,10
}

collision {
(992,1152),(0,1152),(0,0),(992,0),(992,1152)
(992,896),(992,1152),(0,1152),(0,896),(544,896),(544,928),(32,928),(32,1120),(88,1120),(96,1112),(104,1120),(248,1120),(256,1112),(264,1120),(408,1120),(416,1112),(424,1120),(568,1120),(576,1112),(584,1120),(640,1120),(640,896),(672,896),(672,1120),(960,1120),(960,960),(896,960),(896,928),(768,928),(768,896),(992,896)
(544,960),(544,1088),(512,1088),(512,960),(544,960)
(416,960),(416,1088),(384,1088),(384,960),(416,960)
(288,960),(288,1088),(256,1088),(256,960),(288,960)
(160,960),(160,1088),(128,1088),(128,960),(160,960)
(320,896),(320,416),(320,896)
(320,416),(224,416),(320,416)
(864,496),(872,512),(888,512),(896,504),(896,424),(888,416),(872,416),(864,424),(864,496)
(800,224),(800,256),(768,256),(768,224),(800,224)
(800,0),(800,32),(832,32),(832,96),(864,96),(864,160),(928,160),(928,256),(992,256),(992,320),(960,320),(960,288),(928,288),(928,256),(896,256),(896,224),(864,224),(864,160),(832,160),(832,96),(800,96),(800,32),(768,32),(768,0),(800,0)
(704,192),(704,0),(704,192)
(704,192),(640,192),(704,192)
(640,320),(640,192),(640,320)
(672,320),(640,320),(672,320)
(672,384),(672,320),(672,384)
(672,384),(512,384),(672,384)
(480,320),(480,384),(480,320)
(544,320),(480,320),(544,320)
(544,192),(544,320),(544,192)
(544,192),(416,192),(544,192)
(416,0),(416,160),(416,0)
(160,128),(160,448),(192,448),(192,640),(64,640),(64,448),(96,448),(96,64),(192,64),(192,0),(160,0),(160,32),(64,32),(64,416),(32,416),(32,672),(224,672),(224,416),(192,416),(192,128),(160,128)
(992,352),(864,352),(864,384),(960,384),(960,576),(512,576),(512,768),(992,768),(992,352)
}

collisionPeople {
(416,160),(384,160),(416,160)
(416,192),(384,192),(416,192)
(480,416),(480,384),(480,416)
(512,384),(512,416),(512,384)
(896,1080),(904,1088),(920,1088),(928,1080),(928,1064),(920,1056),(904,1056),(896,1064),(896,1080)
}

buyzones {
(0,32,736,64,768)
(1,96,800,128,832)
}

spawns {
(0,768,992);(0,800,992);(0,832,992);(0,864,992);(0,896,992);(0,768,1024);(0,800,1024);(0,832,1024);(0,864,1024);(0,896,1024);(1,864,256);(1,768,96);(1,928,544);(1,928,416);(1,512,256);(1,576,160);(1,224,192);(1,224,32);(1,576,544);(1,736,480);(1,736,320)
}

waypoints {
(704,960);(704,832);(864,832);(608,896);(544,944);(448,944);(320,944);(208,944);(80,944);(80,1104);(192,1104);(320,1104);(448,1104);(576,1104);(592,1024);(448,1024);(320,1024);(192,1024);(80,1024);(464,832);(432,672);(496,528);(704,432);(816,336);(768,192);(880,400);(928,480);(864,544);(768,528);(752,96);(896,304);(496,400);(576,352);(592,224);(640,48);(464,48);(448,160);(560,96);(640,160);(384,176);(288,144);(320,64);(176,96);(128,160);(128,304);(128,400);(128,592);(128,496);(272,320);(400,272);(512,272);(400,432);(384,592);(592,480);(816,1072);(912,1008);(880,944);(848,944);(816,944);(784,944)
}

guns {
(11,784,944);(9,816,944);(8,848,944);(9,880,944);(9,48,1104);(8,48,1072);(11,48,1040);(4,784,944);(4,816,944);(4,848,944);(4,880,944)
}
