tiles {
131,131,131,30,30,30,30,30,30,30,30,30,30,30,30,30,30,30,30,30,30,30,30,30,132,133,134,135,136,30,30
131,131,131,30,127,128,13,14,14,14,14,15,38,38,38,38,38,38,38,16,14,14,14,14,14,14,14,14,14,15,30
131,131,131,30,125,126,21,21,21,21,21,21,14,14,14,14,14,14,14,21,21,21,21,21,21,21,21,21,21,4,30
131,131,131,30,127,128,6,116,21,21,21,21,21,21,21,21,21,21,21,21,21,21,21,21,7,2,3,21,21,4,30
131,131,131,30,125,126,6,7,10,21,6,7,7,7,7,7,10,130,130,130,6,10,21,4,32,30,20,21,21,4,30
131,131,131,30,30,30,30,30,12,21,11,30,30,30,30,30,30,30,30,30,30,12,21,4,32,30,125,126,21,4,30
131,131,131,30,16,14,14,14,17,21,13,14,15,39,30,40,16,14,14,14,14,17,21,4,32,30,127,128,21,4,30
131,131,131,30,5,21,21,21,21,21,21,21,4,32,30,33,5,21,21,21,21,21,21,4,32,30,125,126,21,4,30
131,131,131,30,5,21,21,119,120,21,21,6,8,35,30,36,9,7,7,10,21,21,21,4,32,30,127,128,21,4,30
30,30,30,30,5,21,21,123,124,21,21,11,30,30,30,30,30,30,30,12,21,21,6,8,35,30,3,21,21,4,30
30,16,14,14,21,6,7,7,21,21,21,13,14,14,14,14,14,14,14,17,21,21,11,30,30,30,20,21,116,4,30
30,5,116,21,21,11,30,30,5,21,21,21,21,21,21,21,21,21,21,21,21,21,13,14,15,30,130,10,21,4,30
30,5,21,21,21,13,15,30,5,21,21,21,21,21,21,21,21,21,21,116,21,21,21,21,4,30,30,12,21,4,30
30,5,26,103,22,27,4,30,5,21,26,22,22,22,22,22,22,22,22,22,22,27,21,21,21,14,14,17,21,4,30
30,5,25,104,105,23,4,30,5,21,25,41,42,43,44,45,46,47,48,49,50,23,21,21,21,21,21,21,21,4,30
30,5,25,106,107,23,18,19,20,21,51,52,53,54,55,56,57,58,59,60,61,23,21,117,118,21,21,7,7,8,30
30,5,25,108,109,23,21,21,21,21,25,62,63,64,65,66,67,68,69,70,71,23,21,21,21,21,4,30,30,30,30
30,5,25,110,111,23,21,21,21,21,25,72,73,74,75,76,77,78,79,80,81,23,21,21,21,21,4,30,30,30,30
30,5,25,137,112,23,1,2,3,21,25,82,83,84,85,86,87,88,89,90,91,92,21,21,21,21,21,14,14,15,30
30,5,25,113,114,23,4,30,5,21,25,93,94,95,96,97,98,99,100,101,102,23,21,21,21,21,21,21,21,4,30
30,5,28,24,115,29,4,30,5,21,28,24,24,24,24,24,24,24,24,24,24,29,21,21,21,7,7,10,21,4,30
30,5,21,21,21,6,8,30,5,21,21,21,116,21,21,21,21,21,21,21,21,21,21,21,4,30,30,12,21,4,30
30,5,116,21,21,11,30,30,5,21,21,21,21,21,21,21,21,21,21,21,21,21,6,7,8,30,129,17,21,4,30
30,9,7,7,21,13,14,14,21,21,21,6,7,7,7,7,7,7,7,10,21,21,11,30,30,30,3,21,116,4,30
30,30,30,30,5,21,21,21,21,21,21,11,30,30,30,30,30,30,30,12,21,21,13,15,39,30,20,21,21,4,30
131,131,131,30,5,21,21,121,122,21,21,13,14,14,15,39,30,40,16,17,21,21,21,4,32,30,125,126,21,4,30
131,131,131,30,5,21,21,21,21,21,21,21,21,21,4,32,30,33,5,21,21,21,21,4,32,30,127,128,21,4,30
131,131,131,30,9,7,7,7,10,21,6,7,7,7,8,35,30,36,9,7,7,10,21,4,32,30,125,126,21,4,30
131,131,131,30,30,30,30,30,12,21,11,30,30,30,30,30,30,30,30,30,30,12,21,4,32,30,127,128,21,4,30
131,131,131,30,127,128,13,14,17,21,13,17,129,129,129,13,14,14,14,14,14,17,21,4,32,30,3,21,21,4,30
131,131,131,30,125,126,21,21,21,21,21,21,21,21,21,21,21,21,21,21,21,21,21,21,14,19,20,21,21,4,30
131,131,131,30,127,128,21,116,21,21,21,21,7,7,7,7,7,7,7,21,21,21,21,21,21,21,21,21,21,4,30
131,131,131,30,125,126,6,7,7,7,7,8,34,34,34,34,34,34,34,9,7,7,7,7,7,7,7,7,7,8,30
131,131,131,30,132,133,134,135,136,30,30,30,30,30,30,30,30,30,30,30,30,30,30,30,30,30,30,30,30,30,30
}

collision {
(128,160),(264,160),(272,168),(272,184),(264,192),(128,192),(128,320),(32,320),(32,768),(128,768),(128,896),(264,896),(272,904),(272,920),(264,928),(128,928),(128,1056),(176,1056),(176,1048),(184,1048),(184,1056),(384,1056),(384,1024),(608,1024),(608,1056),(960,1056),(960,576),(864,576),(864,512),(960,512),(960,32),(608,32),(608,64),(384,64),(384,32),(184,32),(184,40),(176,40),(176,32),(128,32),(128,160)
(336,168),(336,184),(344,192),(416,192),(416,288),(376,288),(368,296),(368,312),(376,320),(616,320),(624,312),(624,296),(616,288),(512,288),(512,192),(680,192),(688,184),(688,168),(680,160),(344,160),(336,168)
(176,360),(176,376),(184,384),(224,384),(224,488),(232,496),(248,496),(256,488),(256,352),(184,352),(176,360)
(768,320),(728,320),(720,328),(720,344),(728,352),(800,352),(800,416),(872,416),(880,408),(880,392),(872,384),(832,384),(832,256),(880,256),(880,264),(888,264),(888,248),(880,248),(880,256),(832,256),(832,192),(880,192),(880,200),(888,200),(888,184),(880,184),(880,192),(832,192),(832,120),(824,112),(808,112),(800,120),(800,128),(768,128),(768,320)
(160,432),(176,448),(176,640),(160,656),(160,448),(128,448),(128,432),(160,432)
(96,640),(128,640),(128,656),(96,656),(80,640),(80,448),(96,432),(96,640)
(224,704),(184,704),(176,712),(176,728),(184,736),(256,736),(256,600),(248,592),(232,592),(224,600),(224,704)
(616,768),(624,776),(624,792),(616,800),(576,800),(576,896),(680,896),(688,904),(688,920),(680,928),(344,928),(336,920),(336,904),(344,896),(480,896),(480,800),(376,800),(368,792),(368,776),(376,768),(616,768)
(800,736),(728,736),(720,744),(720,760),(728,768),(768,768),(768,960),(800,960),(800,968),(808,976),(824,976),(832,968),(832,896),(880,896),(880,904),(888,904),(888,888),(880,888),(880,896),(832,896),(832,832),(880,832),(880,840),(888,840),(888,824),(880,824),(880,832),(832,832),(832,704),(872,704),(880,696),(880,680),(872,672),(800,672),(800,736)
(336,448),(352,432),(672,432),(688,448),(688,576),(672,576),(672,448),(352,448),(352,480),(336,480),(336,448)
(352,512),(352,640),(672,640),(672,608),(688,608),(688,640),(672,656),(352,656),(336,640),(336,512),(352,512)
(176,992),(176,1000),(184,1000),(184,984),(176,984),(176,992),(128,992),(176,992)
(184,928),(184,936),(176,936),(176,928),(184,928)
(176,96),(176,104),(184,104),(184,88),(176,88),(176,96),(128,96),(176,96)
(184,160),(184,152),(176,152),(176,160),(184,160)
(96,288),(0,288),(0,800),(96,800),(96,1088),(992,1088),(992,0),(96,0),(96,288)
}

collisionPeople {
(632,160),(632,152),(552,152),(552,160),(632,160)
(832,184),(848,184),(848,168),(832,168),(832,184)
(832,248),(848,248),(848,232),(832,232),(832,248)
(856,384),(856,376),(840,376),(840,384),(856,384)
(408,480),(320,480),(408,480)
(408,512),(320,512),(408,512)
(616,576),(704,576),(616,576)
(704,608),(616,608),(704,608)
(96,448),(96,416),(96,448)
(128,448),(128,416),(128,448)
(128,672),(128,640),(128,672)
(160,640),(160,672),(160,640)
(128,88),(144,88),(144,72),(128,72),(128,88)
(128,152),(144,152),(144,136),(128,136),(128,152)
(472,928),(472,936),(392,936),(392,928),(472,928)
(128,984),(144,984),(144,968),(128,968),(128,984)
(128,1048),(144,1048),(144,1032),(128,1032),(128,1048)
(856,704),(856,712),(840,712),(840,704),(856,704)
(832,824),(848,824),(848,808),(832,808),(832,824)
(832,888),(848,888),(848,872),(832,872),(832,888)
}

spawns {
(1,368,992);(1,416,992);(1,464,992);(1,512,992);(1,560,992);(1,608,992);(1,656,992);(0,368,96);(0,416,96);(0,464,96);(0,512,96);(0,560,96);(0,608,96);(0,656,96)
}

waypoints {
(304,144);(720,144);(432,128);(544,128);(304,304);(688,288);(304,416);(720,432);(416,384);(560,384);(736,528);(304,544);(304,640);(448,720);(592,720);(704,688);(320,752);(304,896);(672,784);(720,912);(432,960);(576,960);(320,976);(512,960);(704,1008);(720,944);(704,864);(640,832);(688,768);(640,720);(544,720);(464,704);(384,688);(304,688);(304,592);(288,496);(304,368);(496,384);(656,384);(720,416);(736,480);(736,592);(288,848);(304,800);(624,240);(688,240);(736,176);(672,128);(608,128);(464,128);(384,128);(304,176);(288,224);(288,272)
}

guns {
}
