tiles {
84,84,84,84,84,84,84,84,84,84,84,84,84,84,84,84,84,84,84,84,130,131,84,84,84
87,115,87,115,87,115,87,115,87,115,87,115,87,115,87,115,87,115,87,115,87,115,87,115,87
52,87,87,87,87,87,87,87,94,87,87,87,22,87,87,124,125,87,87,87,87,87,87,87,94
132,87,87,96,87,87,62,87,87,87,87,95,21,128,87,87,87,87,87,61,95,135,136,87,87
133,87,115,87,115,87,115,87,115,87,115,87,20,87,115,87,115,87,115,128,115,87,115,87,115
87,87,96,87,87,87,2,3,4,128,87,87,87,87,61,87,87,126,97,98,134,87,87,87,87
117,117,117,117,23,23,23,23,23,23,23,23,23,23,23,23,23,23,23,23,23,23,23,23,1
87,87,87,87,11,11,11,97,98,11,0,11,11,11,11,11,11,11,11,11,11,36,11,11,11
87,87,87,87,50,50,47,47,47,50,50,50,50,120,120,120,120,120,50,50,47,47,47,50,50
87,87,61,87,50,137,10,10,10,102,101,10,8,8,8,8,8,8,8,71,137,63,63,63,50
87,87,87,87,50,104,10,10,10,10,10,10,8,8,8,8,8,8,8,71,71,71,71,71,47
61,87,87,127,50,103,10,10,10,10,10,10,8,8,8,8,8,8,8,71,71,71,71,77,47
87,87,87,99,50,9,10,10,10,10,10,49,134,8,8,8,8,8,49,71,78,71,71,71,47
87,87,87,100,50,9,10,10,10,10,10,49,134,8,8,8,8,8,49,71,75,71,71,75,50
87,62,87,87,47,10,10,79,79,79,79,49,8,8,8,8,8,8,49,75,134,101,102,93,50
99,87,87,87,47,105,105,105,102,101,79,102,8,8,8,8,8,8,121,120,120,120,120,120,120
100,129,87,87,47,105,105,105,105,105,79,8,8,8,8,8,8,8,121,89,54,101,102,93,50
87,87,95,87,50,105,105,105,105,105,79,8,8,8,8,8,8,8,121,52,89,89,89,103,50
87,87,87,87,50,105,105,105,105,54,79,8,8,8,8,8,8,8,121,89,89,89,89,104,50
87,87,87,129,50,54,105,105,105,105,105,8,8,8,8,8,8,8,8,89,89,95,89,89,50
96,87,95,22,50,110,111,105,105,105,105,8,8,8,8,8,8,8,8,89,94,108,109,96,50
87,87,87,21,50,50,50,47,47,47,50,50,120,120,120,120,120,120,50,50,50,47,47,47,50
87,87,87,20,118,72,87,87,87,87,87,87,87,87,87,94,87,87,87,87,87,87,127,87,66
60,60,60,60,118,72,87,87,87,95,87,87,87,87,87,87,87,87,87,87,87,135,136,129,66
130,131,69,69,118,69,69,69,69,69,69,69,69,69,69,69,69,69,0,69,69,69,69,69,70
}

collision {
(192,256),(128,256),(192,256)
(288,288),(416,288),(416,256),(288,256),(288,288)
(576,288),(640,288),(640,256),(576,256),(576,288)
(800,320),(800,256),(736,256),(800,320)
(768,480),(768,320),(768,480)
(608,480),(800,480),(608,480)
(608,480),(608,384),(608,480)
(608,608),(576,608),(576,384),(608,384),(608,608)
(768,512),(608,512),(768,512)
(768,672),(768,512),(768,672)
(800,704),(576,704),(576,672),(768,672),(800,704)
(128,672),(128,704),(384,704),(384,672),(128,672)
(160,672),(160,544),(128,544),(128,672),(160,672)
(160,256),(160,448),(128,448),(128,256),(160,256)
(224,480),(352,480),(352,448),(224,448),(224,480)
(320,480),(352,480),(352,608),(320,608),(320,480)
(352,480),(384,480),(384,384),(352,384),(352,480)
(0,800),(800,800),(0,800)
(0,32),(0,800),(0,32)
(800,32),(0,32),(800,32)
(800,800),(800,32),(800,800)
(0,768),(64,800),(64,768),(0,800),(0,768)
(0,160),(32,160),(32,96),(32,128),(0,96),(0,160)
}

collisionPeople {
(768,672),(672,672),(768,672)
(672,704),(768,704),(672,704)
(320,704),(224,704),(320,704)
(320,672),(224,672),(320,672)
(128,544),(128,448),(128,544)
(160,544),(160,448),(160,544)
(288,256),(192,256),(288,256)
(288,288),(192,288),(288,288)
(224,256),(224,224),(224,256)
(288,224),(224,224),(288,224)
(288,256),(288,224),(288,256)
(192,192),(192,160),(192,192)
(288,192),(192,192),(288,192)
(288,160),(288,192),(288,160)
(192,160),(288,160),(192,160)
(416,64),(416,160),(384,160),(384,64),(416,64)
(480,96),(544,96),(544,64),(480,64),(480,96)
(576,192),(640,192),(640,160),(576,160),(576,192)
(736,256),(640,256),(736,256)
(640,288),(736,288),(640,288)
(640,512),(640,512)
(672,544),(672,512),(672,544)
(736,544),(672,544),(736,544)
(736,608),(736,544),(736,608)
(768,608),(736,608),(768,608)
(256,512),(256,480),(256,512)
(320,512),(256,512),(320,512)
(192,384),(160,384),(192,384)
(160,320),(192,320),(160,320)
(192,384),(192,352),(192,320),(192,384)
(288,320),(288,288),(288,320)
(352,320),(288,320),(352,320)
(352,320),(352,288),(352,320)
(672,320),(672,288),(672,320)
(768,320),(672,320),(768,320)
(640,448),(672,448),(768,448),(640,448)
(640,480),(640,448),(640,480)
(768,480),(640,480),(768,480)
(416,384),(384,384),(416,384)
(416,448),(416,384),(416,448)
(416,448),(384,448),(416,448)
(384,512),(384,480),(384,512)
(352,512),(384,512),(352,512)
(128,384),(96,384),(128,384)
(96,448),(96,384),(96,448)
(128,448),(96,448),(128,448)
(32,480),(0,480),(32,480)
(32,544),(32,480),(32,544)
(0,544),(32,544),(0,544)
(672,768),(736,768),(736,736),(672,736),(672,768)
(96,736),(128,736),(128,640),(96,640),(96,736)
(672,128),(736,128),(736,96),(672,96),(672,128)
(640,192),(672,192),(672,160),(640,160),(640,192)
}

buyzones {
(0,384,64,416,96)
(0,384,64,480,192)
(0,576,192,736,96)
(0,192,192,320,128)
(0,96,384,0,736)
(0,672,704,768,800)
(1,160,288,768,672)
}

spawns {
(0,448,160);(0,448,128);(0,224,128);(0,256,128);(0,352,96);(0,352,128);(0,576,128);(0,608,128);(0,64,704);(0,64,512);(0,64,544);(0,64,384);(0,64,448);(0,640,736);(0,640,768);(0,512,128);(0,704,160);(1,224,352);(1,224,384);(1,256,384);(1,256,352);(1,224,320);(1,256,320);(1,224,416);(1,256,416);(1,672,352);(1,704,352);(1,704,384);(1,672,384);(1,672,416);(1,704,416);(1,192,544);(1,224,544);(1,256,544);(1,224,576);(1,256,576);(1,192,576);(1,672,608);(1,704,608);(1,416,512);(1,416,480);(1,512,512);(1,512,544);(1,416,544);(1,512,480);(1,512,416);(1,480,416);(1,448,544);(1,480,480);(1,448,480);(1,448,512);(1,480,512);(1,480,544);(1,544,480);(1,544,512);(1,544,544);(1,544,544);(1,512,64);(1,544,64);(1,768,224);(1,768,192);(1,384,224);(1,352,224);(1,320,768);(1,512,736);(1,32,672);(1,96,512)
}

waypoints {
(128,128);(288,128);(384,192);(512,192);(576,128);(480,288);(64,192);(64,320);(64,416);(64,544);(64,672);(64,736);(128,768);(224,768);(544,736);(384,768);(448,640);(512,544);(256,640);(192,512);(224,384);(448,352);(576,320)
}

guns {
(10,448,96);(10,448,128);(10,448,160);(10,512,128);(8,640,128);(8,608,128);(8,512,128);(17,256,128);(17,224,128);(24,640,736);(24,640,768);(1,768,736);(1,736,704);(0,736,768);(0,768,768);(0,736,736);(19,640,160);(19,608,160);(19,416,96);(19,416,128);(19,288,160);(19,320,192);(18,320,160);(18,288,192);(9,96,608);(9,96,384);(9,64,512);(26,416,384);(26,416,416);(25,672,544);(25,704,544);(27,736,608);(27,736,576);(6,640,576);(26,352,320);(26,320,320);(26,288,320)
}
